# callgrind format
version: 1
creator: callgrind-3.13.0
pid: 13132
cmd:  ./tw data/2600.txt
part: 1


desc: I1 cache: 
desc: D1 cache: 
desc: LL cache: 

desc: Timerange: Basic block 0 - 289797008
desc: Trigger: Program termination

positions: line
events: Ir
summary: 1200034307


ob=(6) /lib/x86_64-linux-gnu/libcloneforkinterceptor.so
fl=(96) ???
fn=(766) 0x00000000000010e0
0 5

fn=(756) 0x0000000000001150
0 8
cob=(2) ???
cfi=(17) ???
cfn=(762) 0x00000000048640d0
calls=1 0 
0 74
0 1
cfn=(766)
calls=1 0 
0 5
0 3

fn=(370) 0x0000000000001190
0 11

ob=(4) /usr/lib/valgrind/vgpreload_core-amd64-linux.so
fl=(84) ???
fn=(324) 0x0000000000001120
0 17

fn=(738) 0x00000000000010e0
0 8
cob=(2)
cfi=(17)
cfn=(744) 0x000000000482b040
calls=1 0 
0 74
0 1
cfn=(748) 0x0000000000001050
calls=1 0 
0 8
0 3

fn=(748)
0 8

ob=(1) /lib/x86_64-linux-gnu/ld-2.28.so
fl=(32) /build/glibc-vjB4T1/glibc-2.28/setjmp/../sysdeps/x86_64/setjmp.S
fn=(110) __sigsetjmp
32 8
+9 8
+1 16
+1 8
+4 8
+1 8
+1 8
+1 8
+1 8
+2 16
+2 8
+1 8
+3 16
+2 8
+19 8
+1 8

fl=(28) /build/glibc-vjB4T1/glibc-2.28/elf/dl-debug.c
fn=(88) _dl_debug_initialize
49 12
+5 10
+5 2
-1 1
+1 2
+1 2
-1 1
+5 1
-14 6
+4 12
+3 1
+1 7

fn=(92) _dl_debug_state
74 2

fl=(35) /build/glibc-vjB4T1/glibc-2.28/io/../sysdeps/unix/sysv/linux/read_nocancel.c
fn=(122) __read_nocancel
26 16
+1 4

fl=(43) /build/glibc-vjB4T1/glibc-2.28/io/../sysdeps/unix/sysv/linux/access.c
fn=(142) access
27 4
+4 1

fl=(106) /build/glibc-vjB4T1/glibc-2.28/elf/../sysdeps/x86_64/dl-trampoline.h
fn=(422) _dl_runtime_resolve_xsave
72 13
+3 13
+2 13
+10 13
+6 13
+1 13
+1 13
+1 13
+1 13
+1 13
+1 13
+4 13
+1 13
+3 13
+1 13
+2 13
+1 13
+1 13
+1 13
+1 13
+1 13
+2 13
+7 13
+1 13
+1 13
cfi=(107) /build/glibc-vjB4T1/glibc-2.28/elf/../elf/dl-runtime.c
cfn=(424) _dl_fixup
calls=13 -60 
* 12368
+1 13
+5 13
+1 13
+1 13
+2 13
+1 13
+1 13
+1 13
+1 13
+1 13
+1 13
+2 13
+2 13
+4 13
+3 13

fn=(423) _dl_runtime_resolve_xsave'2
72 2
+3 2
+2 2
+10 2
+6 2
+1 2
+1 2
+1 2
+1 2
+1 2
+1 2
+4 2
+1 2
+3 2
+1 2
+2 2
+1 2
+1 2
+1 2
+1 2
+1 2
+2 2
+7 2
+1 2
+1 2
cfi=(107)
cfn=(424)
calls=2 -60 
* 2732
+1 2
+5 2
+1 2
+1 2
+2 2
+1 2
+1 2
+1 2
+1 2
+1 2
+1 2
+2 2
+2 2
+4 2
+3 2

fl=(11) /build/glibc-vjB4T1/glibc-2.28/elf/../sysdeps/unix/sysv/linux/x86_64/brk.c
fn=(20) brk
31 5
+2 2
+6 1
+1 1

fl=(41) /build/glibc-vjB4T1/glibc-2.28/string/../sysdeps/x86_64/multiarch/memset-vec-unaligned-erms.S
fn=(136) memset
109 75
+6 15
+1 15
+1 4
+1 4
+70 4
+1 4
+10 4
+1 4
+1 4
+1 4
+1 4
+1 4
+1 4
+1 4
+1 4
+1 4
+1 4
+1 4
+1 4
+1 4
+2 94
+1 94
+1 94
+1 94
+1 94
+1 94
+1 94
+1 4
+15 11
+1 11
+1 11
+1 6
+1 6
+1 2
+1 2
+24 5
+1 5
+2 5
+3 4
+1 4
+2 4
+3 2
+1 2
+2 2

fl=(46) /build/glibc-vjB4T1/glibc-2.28/elf/dl-cache.c
fn=(156) _dl_cache_libcmp
142 136
+2 900
+20 440
+2 440
+4 193
-28 193
+29 386
-29 386
+32 6
-28 10
+8 5
-2 10
+1 10
+1 10
-2 5
+2 5
+2 15
-3 5
+3 5
+2 10
cfn=(157) _dl_cache_libcmp'2
calls=5 -16 
* 35
+9 54

fn=(157)
142 20
+32 15

fn=(312) _dl_unload_cache
328 4
-1 1
+3 2
cfi=(48) /build/glibc-vjB4T1/glibc-2.28/misc/../sysdeps/unix/syscall-template.S
cfn=(158) munmap
calls=1 78 
* 5
+1 1
+2 2

fn=(152) _dl_load_cache_lookup
187 27
+8 6
+3 9
+45 6
+6 12
+11 3
-2 9
fi=(47) /build/glibc-vjB4T1/glibc-2.28/elf/../sysdeps/x86/dl-procinfo.h
39 6
+3 9
cfi=(20) /build/glibc-vjB4T1/glibc-2.28/string/../sysdeps/x86_64/strcmp.S
cfn=(54) strcmp
calls=3 144 
* 72
* 6
fe=(46)
264 12
cfi=(8) /build/glibc-vjB4T1/glibc-2.28/elf/dl-tunables.c
cfn=(26) __tunable_get_val
calls=3 373 
* 54
* 3
+23 3
-23 3
+8 3
+15 3
-15 3
+15 336
cfn=(156)
calls=27 142 
* 2229
* 207
cfn=(156)
calls=3 142 
* 285
* 15
cfn=(156)
calls=3 142 
* 586
* 24
-15 6
+15 18
-14 6
-1 9
+15 24
cfn=(156)
calls=1 142 
* 159
* 84
+16 6
+4 6
+8 9
cfi=(13) /build/glibc-vjB4T1/glibc-2.28/string/../sysdeps/x86_64/multiarch/../strlen.S
cfn=(28) strlen
calls=3 79 
* 102
+1 3
-1 18
+1 6
cfi=(19) /build/glibc-vjB4T1/glibc-2.28/string/../sysdeps/x86_64/multiarch/memmove-vec-unaligned-erms.S
cfn=(46) memcpy
calls=3 128 
* 46
+1 6
cfi=(27) /build/glibc-vjB4T1/glibc-2.28/string/strdup.c
cfn=(82) strdup
calls=3 40 
* 256
+1 24
201 4
cfi=(33) /build/glibc-vjB4T1/glibc-2.28/elf/dl-misc.c
cfn=(144) _dl_sysdep_read_whole_file
calls=1 44 
* 108
* 1
+8 5
+1 7
+7 1
-3 1
+3 3
+3 1
+1 1
-1 1
+1 2
+1 8
fi=(47)
42 6
fe=(46)
262 3

fl=(26) /build/glibc-vjB4T1/glibc-2.28/string/../sysdeps/x86_64/multiarch/../strchr.S
fn=(80) index
24 12
+1 12
+1 12
+1 12
+1 12
+1 12
+1 12
+1 12
+1 12
+1 12
+1 12
+1 12
+1 12
+1 12
+1 12
+1 12
+1 12
+1 8
+4 8
+1 8
+1 8
+1 8
+2 8
+4 4
+1 4
+1 4
+1 4
+1 4
+1 4
+1 4
+1 4
+1 4
+1 4
+1 4
+1 4
+1 4
+1 4
+1 4
+1 4
+1 4
+1 4
+1 4
+1 4
+1 4
+1 4
+1 4
+1 4
+52 4
+4 4
+1 4
+1 4
+1 4
+2 4

fl=(29) /build/glibc-vjB4T1/glibc-2.28/elf/../elf/dl-tls.c
fn=(190) allocate_dtv
278 1
+8 1
-8 3
+7 2
+1 2
cfi=(18) /build/glibc-vjB4T1/glibc-2.28/elf/dl-minimal.c
cfn=(40) calloc
calls=1 92 
* 27
* 1
+1 2
+3 1
+6 3
+6 4

fn=(164) _dl_next_tls_modid
51 4
+48 1
+4 1

fn=(186) _dl_determine_tlsoffset
135 5
+6 3
+3 2
+36 3
+2 2
-2 1
-2 1
-40 1
-1 1
-1 2
+69 2
+3 1
-3 1
+3 1
-3 4
+2 2
+10 1
-12 1
-25 6
+5 1
-1 1
+5 2
-5 1
+1 1
-1 1
+3 2
+2 3
+12 5
+19 1
+1 1
+51 1
+1 6

fn=(188) _dl_allocate_tls_storage
332 4
+2 1
+11 1
+1 2
cfi=(18)
cfn=(44) malloc
calls=1 50 
* 78
* 1
+1 3
+8 4
+1 1
+4 297
+19 1
+2 2
cfn=(190)
calls=1 278 
* 47
+1 2
+3 5

fn=(90) _dl_count_modids
113 2
+1 2

fn=(306) _dl_add_to_slotinfo
887 4
+9 1
-3 1
+4 1
+4 5
+41 3
+1 1
+1 4

fn=(308) _dl_allocate_tls_init
437 8
+1 2
+4 1
+6 1
-6 1
+6 2
+12 1
-15 1
-1 2
+21 6
+9 3
+1 2
+6 3
+1 1
+2 1
-2 1
+6 1
-4 2
+4 1
-4 2
+1 1
+2 2
+4 2
+1 4
+2 2
+1 1
+12 1
-12 1
+12 1
-3 1
+3 1
cfi=(19)
cfn=(70) mempcpy
calls=1 115 
* 12
* 5
cfi=(41)
cfn=(136)
calls=1 109 
* 33
* 1
-42 4
+6 4
+50 2
+3 9

fl=(20)
fn=(54)
144 494
+1 494
+2 494
+1 494
+21 494
+1 494
+1 390
+1 390
+1 307
+1 307
+1 307
+1 307
+21 307
+1 307
+1 307
+1 307
+1 307
+1 307
+1 307
+5 10
+1 10
+9 10
+1 10
+1 10
+1 10
+1 10
+1 10
+1 10
+1 10
-7 187
+1 187
+1 187
+1 187
+1 187
+1 187
+1 187
+1 187
+1 128
+1 84
+1 84
+1 84
+2 84
+1 84
+1 84
+1 84
+1 84
+1 84
-5 44
+1 44
+1 44
+1 44
+1 44
+1 44
+10 69
+1 69
+1 69
+2 69
+6 69
+1 69
+1 69
+1 69
+1 69
+5 69
+2 67
+1 67
+1 134
+8 67
+1 67
+3 67
+1 67
+1 67
+1 67
+1 67
+1 67
+6 1
+1 1
+1 1
+3 1
+1 1
+1 1
+1 1
+1 1
+1 1
447 1
+1 1
+1 1
+1 1
+1 1
+2 1
+1 1
+1 1
+1 1
+1 1
+1 1
+1 1
+1 1
+3 1
+1 1
+1 1
+6 1
+1 1
+1 2
+4 1
+1 1
+3 1
+1 1
+1 1
+3 1
+1 1
+1 1
+6 1
+1 1
+1 1
+1 1
+1 1
+1 1
+72 3
+1 3
+1 3
+1 3
+1 3
+2 3
+1 3
+1 3
+1 3
+1 3
+1 3
+1 3
+1 3
+4 3
+1 3
+1 3
+6 3
+1 3
+1 6
+4 3
+1 3
+3 3
+1 3
+1 3
+3 3
+1 3
+1 3
+6 3
+1 3
+1 3
+1 3
+1 3
+1 3
+72 14
+1 14
+1 14
+1 14
+1 14
+2 14
+1 14
+1 14
+1 14
+1 14
+1 14
+1 14
+1 6
+4 6
+1 6
+1 6
+6 6
+1 6
+1 12
+4 6
+1 6
+3 6
+1 6
+1 6
+3 6
+1 6
+1 6
+6 6
+1 6
+1 6
+1 6
+1 6
+1 6
+72 3
+1 3
+1 3
+1 3
+1 3
+2 3
+1 3
+1 3
+1 3
+1 3
+1 3
+1 3
+1 1
+4 1
+1 1
+1 1
+6 1
+1 1
+1 2
+4 1
+1 1
+3 1
+1 1
+1 1
+3 1
+1 1
+1 1
+6 1
+1 1
+1 1
+1 1
+1 1
+1 1
1071 14
+1 14
+1 14
+1 14
+1 14
+2 14
+1 14
+1 14
+1 14
+1 14
+1 14
+1 14
+1 13
+4 13
+1 13
+1 13
+6 13
+1 13
+1 26
+4 13
+1 13
+3 13
+1 13
+1 13
+3 13
+1 13
+1 13
+6 13
+1 13
+1 13
+1 13
+1 13
+1 13
+72 2
+1 2
+1 2
+1 2
+1 2
+2 2
+1 2
+1 2
+1 2
+1 2
+1 2
+1 2
+1 1
+4 1
+1 1
+1 1
+6 1
+1 1
+1 2
+4 1
+1 1
+3 1
+1 1
+1 1
+3 1
+1 1
+1 1
+6 1
+1 1
+1 1
+1 1
+1 1
+1 1
+72 19
+1 19
+1 19
+1 19
+1 19
+2 19
+1 19
+1 19
+1 19
+1 19
+1 19
+1 19
+1 7
+4 7
+1 7
+1 7
+6 7
+1 7
+1 14
+4 7
+1 7
+3 7
+1 7
+1 7
+3 7
+1 7
+1 7
+6 7
+1 7
+1 7
+1 7
+1 7
+1 7
+72 11
+1 11
+1 11
+1 11
+1 11
+2 11
+1 11
+1 11
+1 11
+1 11
+1 11
+1 11
+1 3
+4 3
+1 3
+1 3
+6 3
+1 3
+1 6
+4 3
+1 3
+3 3
+1 3
+1 3
+3 3
+1 3
+1 3
+6 3
+1 3
+1 3
+1 3
+1 3
+1 3
+72 30
+1 30
+1 30
+1 30
+1 30
+2 30
+1 30
+1 30
+1 30
+1 30
+1 30
+1 30
+1 24
+4 24
+1 24
+1 24
+6 24
+1 24
+1 48
+4 24
+1 24
+3 24
+1 24
+1 24
+3 24
+1 24
+1 24
+6 24
+1 24
+1 24
+1 24
+1 24
+1 24
+72 16
+1 16
+1 16
+1 16
+1 16
+2 16
+1 16
+1 16
+1 16
+1 16
+1 16
+1 16
+1 5
+4 5
+1 5
+1 5
+6 5
+1 5
+1 10
+4 5
+1 5
+3 5
+1 5
+1 5
+3 5
+1 5
+1 5
+6 5
+1 5
+1 5
+1 5
+1 5
+1 5
+72 3
+1 3
+1 3
+1 3
+1 3
+2 3
+1 3
+1 3
+1 3
+1 3
+1 3
+1 3
+1 1
+4 1
+1 1
+1 1
+6 1
+1 1
+1 2
+4 1
+1 1
+3 1
+1 1
+1 1
+3 1
+1 1
+1 1
+6 1
+1 1
+1 1
+1 1
+1 1
+1 1
+72 3
+1 3
+1 3
+1 3
+1 3
+2 3
+1 3
+1 3
+1 3
+1 3
+1 3
+1 3
+1 1
+4 1
+1 1
+1 1
+6 1
+1 1
+1 2
+4 1
+1 1
+3 1
+1 1
+1 1
+3 1
+1 1
+1 1
+6 1
+1 1
+1 1
+1 1
+1 1
+1 1
+72 9
+1 9
+1 9
+1 9
+1 9
+2 9
+1 9
+1 9
+1 9
+1 9
+1 9
+1 9
+2 1
+4 1
+1 1
+1 1
+6 1
+1 1
+2 2
+4 1
+1 1
+3 1
+1 1
+1 1
+3 1
+1 1
+1 1
+6 1
+1 1
+1 1
+1 1
+1 1
+1 1
+74 134
+2 134
+1 134
+1 134
+1 134
-3 63
+1 63
+1 63
+1 63
+1 168
+5 84
+6 84
+1 84
+8 84
+1 84
-16 410
+6 410
+1 410
+8 410
+1 410

fl=(33)
fn=(144)
44 2
+3 2
-3 6
+3 2
-3 8
+3 2
cfi=(34) /build/glibc-vjB4T1/glibc-2.28/io/../sysdeps/unix/sysv/linux/open64_nocancel.c
cfn=(120) __open_nocancel
calls=2 -10 
* 32
+1 4
+23 14
-21 10
cfi=(37) /build/glibc-vjB4T1/glibc-2.28/io/../sysdeps/unix/sysv/linux/wordsize-64/fxstat.c
cfn=(128) _fxstat
calls=2 -17 
* 20
* 4
+2 4
+3 4
+13 4
cfi=(42) /build/glibc-vjB4T1/glibc-2.28/io/../sysdeps/unix/sysv/linux/close_nocancel.c
cfn=(140) __GI___close_nocancel
calls=2 -42 
* 10
* 2
-11 12
cfi=(38) /build/glibc-vjB4T1/glibc-2.28/misc/../sysdeps/unix/sysv/linux/mmap64.c
cfn=(130) mmap
calls=2 -13 
* 70
* 4

fn=(116) _dl_name_match_p
282 795
+1 318
cfi=(20)
cfn=(54)
calls=159 144 
* 4351
+1 159
-1 318
+3 159
+2 318
+4 159
-4 318
+1 507
cfi=(20)
cfn=(54)
calls=169 144 
* 5319
* 338
-5 10
+11 199
-1 149
+1 596

fl=(31) /build/glibc-vjB4T1/glibc-2.28/elf/dl-error-skeleton.c
fn=(104) _dl_catch_error
213 8
+2 2
-2 4
+2 2
-2 2
+2 4
cfn=(108) _dl_catch_exception
calls=2 -40 
* 8809
* 2
+1 4
+1 2
+1 2
-1 2
+1 2
+2 10

fn=(108)
175 16
+15 8
-3 8
+1 8
-1 8
+4 8
-16 8
+19 8
-3 8
+3 8
-19 8
+13 8
+2 8
+4 8
cfi=(32)
cfn=(110)
calls=8 32 
* 152
* 24
+2 24
cfi=(49) /build/glibc-vjB4T1/glibc-2.28/elf/dl-deps.c
cfn=(162) openaux
calls=6 61 
* 11588
cfi=(2) /build/glibc-vjB4T1/glibc-2.28/elf/rtld.c
cfn=(112) map_doit
calls=2 589 
* 8709
+2 8
-1 8
+1 8
-1 8
+1 16
+9 32

fn=(176) _dl_receive_error
226 3
+1 1
+1 1
+3 1
+1 1
+2 2
cfi=(2)
cfn=(178) version_check_doit
calls=1 622 
* 6711
+2 1
+1 1
+1 4

fl=(38)
fn=(130)
44 44
-3 264
+6 44
+5 220
+2 154
-7 16

fl=(13)
fn=(28)
79 24
+1 24
+1 24
+1 24
+1 24
+1 24
+1 24
+2 24
+2 24
+31 24
+1 24
+1 24
+1 24
+1 24
+1 10
+2 10
+4 14
+1 14
+1 14
+1 14
+1 14
+1 14
+1 14
+1 14
+1 14
+1 14
+1 14
+1 14
+5 112

fl=(14) /build/glibc-vjB4T1/glibc-2.28/elf/../misc/sbrk.c
fn=(30) sbrk
32 4
+8 6
+4 2
+16 5

fl=(153) /build/glibc-vjB4T1/glibc-2.28/elf/dl-fini.c
fn=(714) _dl_fini
30 8
+20 3
-3 6
+3 4
+3 2
cfi=(2)
cfn=(50) rtld_lock_default_lock_recursive
calls=1 785 
* 2
+2 1
+3 2
+2 6
+8 1
-3 1
+8 1
-5 5
+5 1
+2 12
+2 12
+2 12
+1 6
+1 6
+4 6
-12 18
+14 6
+1 4
+6 3
cfi=(52) /build/glibc-vjB4T1/glibc-2.28/elf/dl-sort-maps.c
cfn=(174) _dl_sort_maps
calls=1 -66 
* 643
+10 2
cfi=(2)
cfn=(52) rtld_lock_default_unlock_recursive
calls=1 791 
* 2
+5 6
+2 1
+2 3
-2 5
+2 15
+3 12
+3 18
+4 8
+11 4
+1 4
-1 4
+2 4
-2 4
+2 4
-2 4
+3 17
+1 1
cob=(5) /lib/x86_64-linux-gnu/libdl-2.28.so
cfi=(94) ???
cfn=(778) 0x00000000000011b0
calls=1 0 
* 91
* 4
cob=(5)
cfi=(156) /build/glibc-vjB4T1/glibc-2.28/dlfcn/dlerror.c
cfn=(774) fini
calls=1 +75 
* 16
cob=(6)
cfi=(96)
cfn=(756)
calls=1 0 
* 91
cob=(4)
cfi=(84)
cfn=(738)
calls=1 0 
* 94
cob=(7) /tmp_amd/reed/export/reed/1/z5218632/Desktop/COMP2521/Assignment_1/Text-Analysis/2521_assignment/tw
cfi=(97) ???
cfn=(716) 0x0000000000001200
calls=1 0 
* 91
* 5
-1 14
+5 8
+1 12
cob=(2)
cfi=(17)
cfn=(794) 0x0000000004a2be78
calls=1 0 
* 3
cob=(2)
cfi=(17)
cfn=(772) 0x0000000004864478
calls=1 0 
* 3
cob=(2)
cfi=(17)
cfn=(754) 0x000000000482b288
calls=1 0 
* 3
cob=(2)
cfi=(17)
cfn=(736) 0x000000000010a9c4
calls=1 0 
* 3
+6 36
+16 12
-56 14
+11 6
-26 7
+77 6
+6 2
+7 8

fl=(6) /build/glibc-vjB4T1/glibc-2.28/elf/dl-lookup.c
fn=(10) _dl_setup_hash
940 18
+2 6
+2 12
+2 6
-1 6
+3 18
+1 6
+4 6
-3 6
+7 6
-7 6
+3 6
-1 6
+3 6
+2 6
-7 6
+7 6
+1 6

fn=(200) _dl_lookup_symbol_x
791 1220
556 122
791 488
556 366
-1 244
+2 122
-1 122
+1 366
-1 366
+1 1602
-1 1602
+1 4806
-1 4928
793 122
+4 122
-4 122
+1 244
+7 446
+5 610
+6 244
-7 1342
+15 76
-8 114
+2 1586
cfn=(202) do_lookup_x
calls=122 339 
* 60972
+3 572
+25 244
+24 824
+40 412
+14 309
+3 309
+5 206
+2 1136
-86 114
+17 19
+1 38
+59 2

fn=(204) check_match
75 963
+3 729
+13 824
+3 326
cfi=(20)
cfn=(54)
calls=40 +50 
* 1821
* 80
+4 103
+1 206
+2 202
+19 202
+1 808
+46 102
-84 102
+84 510
-18 4
+2 4
+1 2
-1 4
+1 6
-1 4
+4 2
+1 7
+2 3
+2 1
+7 30
-45 303
cfi=(20)
cfn=(54)
calls=101 +22 
* 5443
* 202
-44 16
+82 8

fn=(202)
339 854
+1 122
-1 488
+6 122
-6 244
+7 122
+41 122
+35 244
-35 122
+35 122
-35 122
+35 244
-51 1623
+8 541
-4 541
+1 541
+3 1082
+1 1623
+3 541
+1 1082
+7 1082
-3 1082
-2 541
+5 1623
+3 3787
271 438
541 2778
+1 204
cfi=(33)
cfn=(116)
calls=102 282 
* 8007
* 306
+3 1317
350 1084
+3 1084
+4 2176
+4 1082
+4 1082
+88 206
fi=(55) /build/glibc-vjB4T1/glibc-2.28/elf/../sysdeps/generic/ldsodefs.h
109 309
fe=(6)
504 206
+3 776
398 327
-1 218
+2 218
+2 109
+6 436
-6 109
+6 763
+7 342
-10 1080
+2 214
+1 214
-1 107
+1 107
+1 107
-1 107
-1 107
+1 107
+1 107
-1 963
cfn=(204)
calls=107 75 
* 13017
+4 331
548 19
+1 152
-38 36
+12 206
+1 103
+25 103
-24 103
+24 721
445 15
+4 1
-2 2
302 35
-51 714

fl=(18)
fn=(74) strsep
265 12
+2 4
+1 8
+4 130
+7 528
-2 264
+13 2
+4 4
-7 40
-15 124

fn=(40)
92 12
+4 12
+4 12
-1 24
+1 24
+3 12
cfn=(44)
calls=12 -53 
* 282
* 12

fn=(86) free
111 20

fn=(44)
50 127
+11 62
+3 31
-3 31
+3 62
-3 2
+3 1
-3 1
+3 122
-15 6
+20 8
+1 4
+2 4
+1 14
cfi=(38)
cfn=(130)
calls=2 -29 
* 70
+2 4
+2 6
+2 2
+3 2
-3 4
+4 2
+2 10
-2 30
+2 30
-3 30
+3 30
-29 1
-1 1
+1 1
+1 2
-2 2

fl=(49)
fn=(162)
61 12
+7 6
-4 12
+1 6
-1 12
+1 6
-1 30
cfi=(23) /build/glibc-vjB4T1/glibc-2.28/elf/dl-load.c
cfn=(114) _dl_map_object
calls=6 2157 
* 11486
* 6
+5 12

fn=(160) _dl_map_object_deps
159 1
+1 3
-1 2
+1 1
-1 1
+1 1
-1 5
+1 1
-8 1
+7 1
+1 1
-1 1
+1 1
-8 2
-6 1
+6 1
+8 1
-15 1
-1 1
+2 1
+6 1
+24 3
-28 4
-2 1
+31 1
-33 2
+2 2
-2 1
+2 1
-1 1
+1 1
+6 4
+24 2
-30 1
+31 1
-33 2
+2 2
-2 1
+2 1
-1 1
+1 1
+6 4
+24 7
+4 1
+20 1
fi=(50) /build/glibc-vjB4T1/glibc-2.28/elf/../include/scratch_buffer.h
78 1
fe=(49)
180 1
fi=(50)
77 4
fe=(49)
198 1
+89 1
-89 1
303 1
200 1
303 1
-94 1
+4 1
-4 1
+4 2
-4 5
+4 5
-4 5
+4 10
+11 18
-18 2
+18 2
433 12
+2 12
+3 12
cfi=(18)
cfn=(44)
calls=4 50 
* 72
* 4
* 4
+1 8
+6 4
+1 20
cfi=(19)
cfn=(46)
calls=4 128 
* 40
+1 24
cfi=(19)
cfn=(46)
calls=4 128 
* 40
+4 4
-1 4
+5 39
226 4
+11 4
-5 4
-6 8
+5 4
+2 8
+1 8
+3 16
-31 4
+31 4
+66 12
-55 18
-2 6
+2 6
cfi=(31)
cfn=(108)
calls=6 -73 
* 11888
* 6
+1 12
+9 6
+2 12
+5 3
+6 3
+2 3
-8 6
+3 3
+1 3
+1 3
+1 3
+4 15
+4 12
+1 20
-43 412
+1 206
+6 24
cfi=(23)
cfn=(78) _dl_dst_count
calls=6 -13 
* 288
* 30
+38 291
fi=(50)
85 5
fe=(49)
464 6
+4 5
+11 4
cfi=(18)
cfn=(44)
calls=1 50 
* 18
* 1
* 1
+2 2
+5 2
+3 1
-3 4
+1 1
+2 2
+2 18
+4 24
+4 6
-10 18
+13 2
+51 3
+2 4
+35 6
cfi=(19)
cfn=(46)
calls=1 128 
* 18
+4 5
cfi=(52)
cfn=(174)
calls=1 28 
* 586
+3 1
+2 2
+1 1
+1 2
+7 3
+3 2
+3 8
458 15
-1 6
+1 13
199 2
+15 39
fi=(50)
-83 4
fe=(49)
+86 4
fi=(50)
-86 8
cfi=(51) /build/glibc-vjB4T1/glibc-2.28/malloc/scratch_buffer_set_array_size.c
cfn=(170) __libc_scratch_buffer_set_array_size
calls=4 -97 
* 68
fe=(49)
+86 8
+4 8
554 2
380 10

fl=(19)
fn=(46)
128 29
+6 29
+1 29
+1 17
+1 17
+5 9
+1 9
+1 9
+1 9
+5 9
280 12
+1 12
+1 3
+1 3
+1 3
+1 3
+1 1
+1 1
+1 1
+2 1
+22 9
+1 9
+1 9
+1 9
+1 9
+10 2
+1 2
+1 2
+1 2
+1 2
+10 8
+1 8
+1 8
+1 8
+22 8
+1 8
+1 8
+1 8
+1 8
+1 8
+1 8
+1 8
+2 8

fn=(70)
115 34
+1 34
+1 34
+17 34
+1 34
+1 14
+1 14
+5 11
+1 11
+1 11
+1 11
+5 11
280 20
+1 20
+1 10
+1 10
+1 5
+1 5
+1 3
+4 3
+22 10
+1 10
+1 10
+1 10
+1 10
+3 5
+1 5
+1 5
+1 5
+1 5
+3 2
+1 2
+1 2
+1 2
+1 2
+10 3
+1 3
+1 3
+1 3
+22 3
+1 3
+1 3
+1 3
+1 3
+1 3
+1 3
+1 3
+2 3

fl=(15) /build/glibc-vjB4T1/glibc-2.28/elf/dl-environ.c
fn=(34) _dl_next_ld_env_entry
29 3
+3 10
+13 34
-13 102
+2 72
+1 14
+5 2
-3 2
+3 2
+2 2
+7 1

fl=(83) /build/glibc-vjB4T1/glibc-2.28/elf/dl-init.c
fn=(318) call_init.part.0
36 6
+3 6
-3 12
+3 18
-11 40
+16 20
+5 8
+9 24
cob=(2)
cfi=(17)
cfn=(366) 0x0000000004864000
calls=1 -58 
* 6
cob=(2)
cfi=(17)
cfn=(354) 0x0000000004a2b000
calls=1 -58 
* 6
cob=(3) /lib/x86_64-linux-gnu/libc-2.28.so
cfi=(85) /build/glibc-vjB4T1/glibc-2.28/csu/../csu/init-first.c
cfn=(330) _init
calls=1 -6 
* 203
cob=(2)
cfi=(17)
cfn=(320) 0x000000000482b000
calls=1 -58 
* 6
* 4
+4 8
+6 4
+2 8
-2 8
+3 20
+1 16
cob=(6)
cfi=(96)
cfn=(370)
calls=1 -72 
* 11
cob=(5)
cfi=(94)
cfn=(358) 0x00000000000011f0
calls=1 -72 
* 11
cob=(3)
cfi=(91) /build/glibc-vjB4T1/glibc-2.28/libio/vtables.c
cfn=(344) check_stdfiles_vtables
calls=1 +12 
* 11
cob=(4)
cfi=(84)
cfn=(324)
calls=1 -72 
* 17
* 8
cob=(5)
cfi=(95) /build/glibc-vjB4T1/glibc-2.28/dlfcn/dlfcn.c
cfn=(364) init
calls=1 -43 
* 3
cob=(3)
cfi=(92) /build/glibc-vjB4T1/glibc-2.28/string/../sysdeps/x86/cacheinfo.c
cfn=(346) init_cacheinfo
calls=1 488 
* 1704
* 6
-1 12
+3 30
-29 3
-5 3

fn=(316) _dl_init
79 11
+1 1
+1 1
+3 3
+8 2
+25 1
+1 6
+1 18
-89 27
+88 10
cfn=(318)
calls=5 -82 
* 2166
* 10
+7 8
-95 3
cfn=(318)
calls=1 +6 
* 76
+57 2

fl=(30) /build/glibc-vjB4T1/glibc-2.28/string/../sysdeps/x86_64/strcspn.S
fn=(96) strcspn
30 1
+7 1
+1 1
+2 1
+1 1
+1 1
+1 1
+1 33
+3 2
+7 1
+1 1
+1 1
+1 1
+2 1
+1 1
+1 1
+1 1
+2 1
+1 1
+1 1
+9 3
+12 1
+2 1
+1 1
+1 1
-4 11
+2 11
+1 11
+1 11
+2 12
+1 12
+1 12
+2 12
+1 12
+1 12
+2 12
+1 12
+1 12
+2 1
+1 1
+1 1
+2 1
+7 1
+4 1

fl=(112) /build/glibc-vjB4T1/glibc-2.28/elf/dl-open.c
fn=(444) _dl_find_dso_for_object
174 5
+4 5
+1 4
+1 16
+1 2
-2 9
+5 2
+4 7

fl=(27)
fn=(82)
40 20
+1 5
cfi=(13)
cfn=(28)
calls=5 +38 
* 152
* 5
+1 10
cfi=(18)
cfn=(44)
calls=5 +8 
* 90
* 5
+2 10
+4 5
-1 15
+1 10
-1 5
cfi=(19)
cfn=(46)
calls=5 +81 
* 74

fl=(42)
fn=(140)
26 24
+1 6

fl=(7) /build/glibc-vjB4T1/glibc-2.28/elf/../elf/dl-sysdep.c
fn=(310) _dl_sysdep_start_cleanup
260 1

fn=(12) _dl_sysdep_start
88 8
+25 1
-1 1
+1 118
+6 1
-3 1
+1 1
-4 1
+3 1
+3 8
-29 1
-1 2
+30 1
+1 1
-1 18
+1 105
-1 103
+62 1
+1 1
-1 1
+1 1
-29 1
+1 2
+11 1
+1 1
-1 1
+1 1
-7 1
+1 1
-1 1
+1 1
-4 1
+1 2
-25 1
+1 2
-4 1
+1 2
-7 1
+1 1
+2 1
+1 1
+97 1
cfi=(8)
cfn=(14) __GI___tunables_init
calls=1 +65 
* 14165
fi=(10) /build/glibc-vjB4T1/glibc-2.28/elf/../sysdeps/unix/sysv/linux/dl-sysdep.c
36 2
cfi=(11)
cfn=(20)
calls=1 -5 
* 9
fi=(12) /build/glibc-vjB4T1/glibc-2.28/elf/../sysdeps/x86/cpu-features.c
229 1
-12 1
+12 1
-11 1
+11 1
+3 6
401 3
+1 1
+3 2
+1 1
+11 1
-5 1
+5 1
-3 1
+3 1
-4 1
+4 1
cfi=(8)
cfn=(26)
calls=1 -44 
* 21
+2 4
cfi=(8)
cfn=(26)
calls=1 -46 
* 22
* 1
+2 3
-2 1
+2 1
cfi=(8)
cfn=(26)
calls=1 -48 
* 22
* 1
+2 3
-2 1
+2 1
cfi=(8)
cfn=(26)
calls=1 -50 
* 22
* 1
+12 1
-1 1
-11 1
+12 1
fe=(7)
236 1
cfi=(13)
cfn=(28)
calls=1 79 
* 16
* 1
+2 2
cfi=(14)
cfn=(30)
calls=1 32 
* 17
* 3
+12 3
+3 5
cfi=(2)
cfn=(32) dl_main
calls=1 871 
* 140418
+1 1
+1 8
fi=(12)
439 3
+28 1
fe=(7)
235 1
fi=(12)
458 3
+2 4
+1 2
+2 4
+1 2
238 6
cfn=(24) get_common_indeces.constprop.1
calls=1 60 
* 85
49 2
+1 2
+1 6
243 6
348 4
236 1
348 3
245 1
+1 1
-1 2
+1 6
+46 2
+22 1
+10 5
+13 2
+1 1
fe=(7)

fl=(22) /build/glibc-vjB4T1/glibc-2.28/posix/../sysdeps/unix/syscall-template.S
fn=(62) uname
78 4
+1 1

fl=(12)
fn=(24)
60 2
+4 4
+3 3
+4 2
-4 1
+4 1
-4 1
+3 1
+1 1
+1 4
+1 4
+1 3
+1 2
+7 2
+1 7
+7 3
+4 2
+2 4
+47 2
+4 4
+1 2
+3 1
+7 1
-8 1
+4 1
+2 1
-2 1
+4 2
+3 2
+50 3
100 2
+3 2
+11 1
-11 1
+11 2
+3 1
-3 1
+3 1
+7 3
-5 3

fl=(34)
fn=(120)
37 16
-3 16
+3 96
+8 112
+2 6
-2 30
+2 10

fl=(48)
fn=(166) mprotect
78 28
+1 7

fn=(158)
78 8
+1 2

fl=(1) ???
fn=(0) 0x0000000000001090
0 2
cfi=(2)
cfn=(2) _dl_start
calls=1 445 
0 156407
0 14
cfi=(83)
cfn=(316)
calls=1 79 
0 2345
0 3
cob=(7)
cfi=(97)
cfn=(378) _start
calls=1 0 
0 1199875536

fl=(24) /build/glibc-vjB4T1/glibc-2.28/elf/dl-hwcaps.c
fn=(66) _dl_important_hwcaps
42 4
+1 1
-1 6
+1 1
-1 1
+1 1
-1 1
+1 2
-1 1
+1 1
cfi=(8)
cfn=(26)
calls=1 373 
* 18
* 1
+2 1
+1 2
-1 1
+1 1
+9 1
-12 1
+12 5
+1 6
+1 2
-1 1
-1 12
+10 3
190 3
-5 1
+5 4
-4 10
fi=(25) /build/glibc-vjB4T1/glibc-2.28/elf/../sysdeps/x86/dl-hwcap.h
57 6
fe=(24)
188 1
+1 1
cfi=(13)
cfn=(28)
calls=1 79 
* 16
+1 3
-1 1
+1 1
-5 1
+5 4
-5 2
-37 2
+1 1
-1 6
+37 2
+8 3
+2 1
+1 2
+1 4
+3 1
+1 1
-1 1
+4 2
+3 4
+4 8
+1 2
+18 10
+1 2
-1 1
+1 2
cfi=(18)
cfn=(44)
calls=1 50 
* 18
* 1
+1 4
-1 1
+1 1
+31 12
+3 4
+7 2
+10 8
-4 2
-3 1
+6 1
-3 1
cfi=(19)
cfn=(70)
calls=1 115 
* 16
* 2
-3 1
+6 1
-3 1
cfi=(19)
cfn=(70)
calls=1 115 
* 16
* 4
+3 4
+1 12
+1 5
cfi=(19)
cfn=(70)
calls=1 115 
* 14
* 2
-2 2
+5 6
cfi=(19)
cfn=(70)
calls=2 115 
* 28
* 4
+2 6
-7 3
+13 1
-1 1
+1 2
-1 2
+1 7
-1 7
+1 14
-1 16
+5 7
+3 2
-3 8
+3 10
+1 48
+1 24
-1 24
+1 24
-1 24
-1 27
+4 6
+3 1
+2 2
-1 1
-1 1
+2 1
-2 1
+2 2
-1 1
+1 2
+3 2
+3 2
-6 2
+2 6
+3 1
+1 2
-6 5
+13 8
+1 1
-1 2
+3 2
-3 3
+1 3
-1 6
+3 6
+3 3
+3 9
185 5
+29 1
+1 3
+1 3
-1 2
+2 2
+4 1
+3 3

fl=(37)
fn=(128)
33 6
+1 12
+1 36
+4 6

fl=(51)
fn=(170)
34 4
-4 4
+4 4
-4 4
+1 8
+4 4
-5 8
+5 4
+11 4
-1 8
+18 16

fl=(44) /build/glibc-vjB4T1/glibc-2.28/string/../sysdeps/x86_64/multiarch/../memchr.S
fn=(146) memchr
33 1
+1 1
+11 1
+1 1
+1 1
+1 1
+3 1
+1 1
+2 1
+1 1
+2 1
+1 1
+1 1
+1 1
+2 1
+1 1
+1 1
+1 1
+1 1
+1 1
+1 1
+1 1
+1 1
221 1
+1 1
+31 1
+1 1
+1 1
+1 1
+1 1
+1 1
+1 1
+1 1
+67 1
+1 1

fl=(2)
fn=(2)
445 9
+19 4
fi=(3) /build/glibc-vjB4T1/glibc-2.28/elf/get-dynamic-info.h
48 1
fe=(2)
464 1
fi=(5) /build/glibc-vjB4T1/glibc-2.28/elf/../sysdeps/x86_64/dl-machine.h
59 3
fe=(2)
490 1
-3 1
fi=(3)
48 2
+15 1
+5 1
+3 1
+2 2
-6 1
+3 1
+3 1
-6 1
+3 2
-6 16
+10 4
-26 12
+16 13
+10 13
-26 39
+26 1
-26 3
+2 36
+13 20
+2 4
+16 2
+20 4
+1 4
+1 4
+1 4
+2 4
+5 4
+1 4
+1 4
+5 3
+5 2
+7 3
+1 3
+8 3
+3 3
+4 2
+1 2
fe=(2)
501 2
394 1
508 1
394 1
cfi=(6)
cfn=(10)
calls=1 940 
* 23
+1 2
+1 2
+1 2
+1 2
+8 3
+9 2
-9 1
+3 1
-3 1
+9 1
cfi=(7)
cfn=(12)
calls=1 88 
* 155341
* 1
+9 4
+3 2
+4 2
533 9
fi=(3)
68 4
fe=(2)
506 25
fi=(4) /build/glibc-vjB4T1/glibc-2.28/elf/do-rel.h
84 1
-1 1
+28 3
+1 2
fi=(5)
538 2
fi=(4)
112 78
fi=(5)
538 78
+1 40
fi=(4)
111 40
fi=(5)
539 80
fi=(4)
111 80
+5 2
fi=(5)
333 1
+87 1
fi=(4)
124 2
+12 9
+3 9
-3 9
fi=(5)
273 9
fi=(4)
139 9
-3 9
+1 18
fi=(5)
301 18
+8 90
+3 18
+21 54
fi=(3)
71 4
+1 1
+1 2
fi=(4)
+51 28
fi=(5)
352 18
+1 9
fe=(2)

fn=(94) handle_ld_preload
838 3
+1 1
-1 7
+5 2
+3 3
cfi=(30)
cfn=(96)
calls=1 30 
* 218
* 1
+1 3
+9 1
+4 1
-2 2
+2 1
cfn=(98) dso_name_valid_for_suid
calls=1 122 
* 14
* 2
+1 4
cfn=(100) do_preload
calls=1 751 
* 2480
* 1
-18 2
+21 8
-15 4
cfi=(19)
cfn=(46)
calls=1 128 
* 18
+1 2

fn=(52)
791 7
+1 7

fn=(184) init_tls
682 1
+2 1
+4 1
-4 1
+4 1
+10 4
cfi=(18)
cfn=(40)
calls=1 92 
* 27
* 1
-4 1
+15 1
-12 1
+6 1
-9 1
+11 1
+4 1
+2 3
-1 2
+3 18
+4 1
+2 1
-2 1
+2 2
-7 1
-1 2
+1 5
-1 10
+10 2
+3 1
cfi=(29)
cfn=(186)
calls=1 135 
* 66
+7 1
cfi=(29)
cfn=(188)
calls=1 332 
* 449
* 1
+1 2
+6 1
+3 1
-3 1
+3 6
+6 1
-3 1
+3 2

fn=(50)
785 7
+1 7

fn=(100)
751 2
+12 2
-12 10
+10 2
-4 2
+6 4
-5 2
+5 4
-10 2
+6 2
+4 2
cfi=(31)
cfn=(104)
calls=2 213 
* 8855
* 2
+1 6
+8 6
+6 10

fn=(178)
622 2
+2 4
cfi=(53) /build/glibc-vjB4T1/glibc-2.28/elf/dl-version.c
cfn=(180) _dl_check_all_versions
calls=1 362 
* 6701
* 2
+4 2

fn=(32)
871 1
+17 1
-17 4
2495 1
871 5
+17 1
+4 1
2480 1
892 1
+1 2
+5 1
2480 1
898 1
2473 1
871 1
2473 1
+7 2
871 1
2475 1
+5 1
-4 1
+4 1
+2 4
cfi=(15)
cfn=(34)
calls=1 29 
* 74
* 4
cfi=(15)
cfn=(34)
calls=2 29 
* 170
* 6
+4 6
-2 2
+2 42
+1 19
-1 57
+3 4
+6 13
2644 3
+32 3
908 4
2571 3
+1 3
-56 2
+7 2
1109 7
cfi=(16) /build/glibc-vjB4T1/glibc-2.28/elf/dl-object.c
cfn=(36) _dl_new_object
calls=1 59 
* 230
* 1
+2 2
+1 1
+1 1
+5 2
-5 1
+1 3
+4 1
cfi=(16)
cfn=(48) _dl_add_to_namespace_list
calls=1 31 
* 33
+1 2
880 1
1148 1
-5 1
-3 1
+1 1
+7 1
-5 1
+5 1
-3 1
+3 3
+56 2
877 1
1167 1
+22 1
+15 2
-55 36
-1 33
+1 55
1257 5
+3 2
+2 2
+2 2
+13 3
+3 1
-2 1
+2 1
-2 2
+2 1
-2 2
cfi=(20)
cfn=(54)
calls=1 144 
* 24
* 2
+10 1
-3 1
-2 1
+3 1
+2 2
+1 2
+4 2
+2 2
fi=(3)
33 1
+9 2
+6 1
-2 1
+2 2
+15 1
+5 1
+3 1
+2 1
-3 1
-3 1
-3 22
+10 5
-26 15
+16 19
+10 19
-26 57
+26 1
-26 3
+2 50
+13 24
+2 4
+16 3
+20 3
+1 4
+1 4
+1 4
+2 4
+5 4
+1 4
+1 4
+5 3
+5 2
+7 2
+1 3
+18 3
+14 3
+2 3
+8 2
+5 2
+3 2
fe=(2)
1300 2
cfi=(6)
cfn=(10)
calls=1 940 
* 23
+3 2
fi=(21) /build/glibc-vjB4T1/glibc-2.28/elf/setup-vdso.h
24 2
fe=(2)
1244 2
+1 2
+1 1
-6 2
+1 1
-88 3
+1 1
+50 4
-1 4
+1 8
-1 4
+2 8
+1 1
+3 2
+1 2
-1 6
+1 6
+1 4
+1 10
+1 2
-36 1
-9 2
+2 1
-3 1
+10 2
+18 2
-37 3
+1 1
1319 4
+6 1
cfi=(10)
cfn=(60) _dl_discover_osversion
calls=1 46 
* 79
* 9
fi=(3)
68 4
+3 4
+1 1
+1 3
fe=(2)
1330 2
cfi=(23)
cfn=(64) _dl_init_paths
calls=1 681 
* 1846
+3 3
cfi=(28)
cfn=(88)
calls=1 49 
* 17
+7 1
-7 1
+2 1
+5 1
+4 1
+3 1
-3 3
+1 2
+3 1
+5 1
-7 1
+7 1
+1 5
+15 1
+2 2
+1 2
+2 2
+3 1
-1 1
+1 2
+5 3
+1 5
-1 2
-39 4
+42 2
+1 2
+5 2
+6 5
-1 1
+2 2
1577 1
cfi=(29)
cfn=(90)
calls=1 113 
* 4
* 1
+8 3
+3 2
+4 3
+5 2
+1 1
cfi=(28)
cfn=(92)
calls=1 74 
* 1
+5 3
+15 3
+4 1
-2 1
+2 2
+16 3
cfi=(43)
cfn=(142)
calls=1 27 
* 5
* 2
+77 4
+17 3
+1 2
-1 1
+1 2
-1 1
+1 4
cfi=(49)
cfn=(160)
calls=1 159 
* 14741
+1 3
+5 1
-5 1
+2 3
+3 2
+1 24
-1 10
+1 3
-1 2
+4 3
+1 3
+1 1
+2 2
+1 2
-1 2
+1 21
-1 12
+47 2
+2 2
-1 1
-1 3
+2 4
cfi=(31)
cfn=(176)
calls=1 226 
* 6726
+10 1
+1 1
-1 1
+1 1
+3 2
800 1
fi=(159) /build/glibc-vjB4T1/glibc-2.28/elf/../sysdeps/unix/sysv/linux/dl-osinfo.h
64 2
fe=(2)
802 1
fi=(159)
77 1
fe=(2)
811 1
+7 1
-5 1
1815 3
2045 3
2523 4
+2 2
+1 1
+13 1
1760 1
+1 1
-1 1
+1 2
+2 1
+2 3
+2 1
-4 1
+5 1
-1 2
+14 2
+1 2
+1 3
2152 2
-47 1
+6 1
-10 1
+4 1
+6 1
+3 2
+56 3
+7 1
+2 3
+1 1
-1 2
+2 21
+2 18
+5 12
+2 12
+6 6
+2 12
+1 40
cfi=(54) /build/glibc-vjB4T1/glibc-2.28/elf/dl-reloc.c
cfn=(192) _dl_relocate_object
calls=5 148 
* 96815
+4 14
+1 2
cfi=(29)
cfn=(306)
calls=1 887 
* 20
* 1
-12 1
+1 1
-3 2
+16 4
+2 3
+6 1
-6 1
+6 1
+5 4
+2 1
+7 3
cfi=(29)
cfn=(308)
calls=1 437 
* 129
+3 2
+9 3
+2 4
+15 3
+2 1
+1 1
-3 1
+3 2
-3 1
+3 2
cfi=(54)
cfn=(192)
calls=1 148 
* 7216
+1 4
+2 3
+8 1
cfi=(7)
cfn=(310)
calls=1 260 
* 1
+4 3
+20 3
cfi=(28)
cfn=(88)
calls=1 49 
* 8
+1 1
+1 1
cfi=(28)
cfn=(92)
calls=1 74 
* 1
+5 1
cfi=(46)
cfn=(312)
calls=1 328 
* 15
+5 8
2572 2
+2 2
+1 1
1758 2
-39 1
+1 1
-1 6
+4 3
+1 1
+1 2
-2 3
+1 1
+1 2
+1 2
-7 2
-78 4
cfi=(33)
cfn=(144)
calls=1 44 
* 108
* 1
+2 2
+11 1
-1 1
+1 1
+1 3
+2 4
cfi=(44)
cfn=(146)
calls=1 33 
* 35
+1 2
+6 1
+6 4
+23 2
+1 2
+1 2
-1 6
cfi=(18)
cfn=(74)
calls=2 265 
* 828
* 4
+5 2
+7 1
+2 1
-2 2
+5 1
-5 1
+5 1
-3 3
+3 1
cfi=(48)
cfn=(158)
calls=1 78 
* 5
* 1
-87 3
+1 1
-1 2
+1 1
cfn=(94)
calls=1 838 
* 2778
* 1
+1 4
+2 4
+68 4
cfn=(100)
calls=1 751 
* 6433
* 2
-25 3
+14 1
+3 3
-4 1
+4 2
+2 2
1808 1
cfn=(184)
calls=1 682 
* 625
* 2

fn=(98)
122 4
+1 3
+8 2
+1 5

fn=(112)
589 2
+2 2
-2 2
+2 2
+1 4
-1 4
+1 6
cfi=(23)
cfn=(114)
calls=2 2157 
* 8681
* 2
+2 4

fl=(23)
fn=(124) _dl_map_object_from_fd
866 44
+10 4
-10 4
+10 4
-10 12
+10 4
cfi=(28)
cfn=(88)
calls=4 49 
* 32
fi=(36) /build/glibc-vjB4T1/glibc-2.28/elf/../sysdeps/posix/dl-fileid.h
37 12
fe=(23)
876 4
fi=(36)
37 4
cfi=(37)
cfn=(128)
calls=4 -4 
* 40
* 8
+4 4
fe=(23)
892 4
fi=(36)
40 4
+1 4
fe=(23)
892 70
+1 28
fi=(36)
49 40
fe=(23)
1406 36
910 8
+24 16
+10 8
+22 16
+32 8
877 4
1001 28
cfi=(16)
cfn=(36)
calls=4 59 
* 1456
* 4
+1 8
+11 8
+5 4
-5 4
+1 4
+5 4
-5 4
+1 4
+2 4
-2 4
+2 8
+1 12
+20 4
-2 4
+10 4
-8 24
+8 8
+97 4
1040 4
1143 4
-97 4
-7 4
1143 4
1034 4
1143 12
-96 54
-1 273
+1 223
+6 8
+5 8
+1 16
+11 80
+5 112
+8 16
+1 16
-1 16
+1 80
+1 32
+2 16
-2 16
+1 16
-1 16
+3 16
-1 16
-2 16
+3 16
+4 32
+1 48
+5 24
-1 12
-14 12
+14 12
+1 60
+10 12
-10 8
-1 4
-14 4
+14 4
+1 20
+10 4
-44 2
+1 1
+46 3
+4 1
+1 2
+1 3
+3 3
+1 1
+3 1
-3 1
+7 5
+6 1
cfi=(29)
cfn=(164)
calls=1 51 
* 6
+1 1
-1 1
+1 1
+19 8
+1 8
+1 4
-6 8
+1 12
+16 8
1014 8
1176 8
+10 8
fi=(39) /build/glibc-vjB4T1/glibc-2.28/elf/./dl-map-segments.h
50 8
fe=(23)
1186 4
fi=(39)
56 4
fe=(23)
1186 12
fi=(39)
56 12
fe=(23)
1186 4
fi=(39)
50 4
fe=(23)
1186 8
fi=(39)
56 8
cfi=(38)
cfn=(130)
calls=4 -12 
* 140
+4 12
-4 4
+4 4
+3 8
+1 4
-1 4
+1 4
+2 8
+7 10
cfi=(48)
cfn=(166)
calls=1 +5 
* 5
* 3
+7 8
fi=(40) /build/glibc-vjB4T1/glibc-2.28/elf/./dl-load.h
+10 32
+1 12
+2 32
fi=(39)
+11 64
+6 4
+2 4
-2 4
+1 4
+2 8
-1 8
+3 8
+5 8
+17 8
+12 16
-59 80
+2 72
+2 108
cfi=(38)
cfn=(130)
calls=12 -50 
* 396
* 36
fe=(23)
1198 16
+9 12
fi=(3)
42 8
+6 4
-2 4
+2 8
+15 4
+5 4
+3 4
-1 4
-3 4
-3 80
+10 18
-26 54
+16 76
+10 76
-26 228
+26 4
-26 12
+2 196
+13 88
+2 16
+3 16
+3 16
+2 4
-1 4
+1 12
+8 8
+20 14
+1 16
+1 16
+1 16
+2 16
+5 16
+1 15
+1 16
+5 12
+5 8
+7 8
+1 12
+18 12
+5 2
+2 2
+2 2
+2 2
+3 12
+2 3
+8 2
+5 2
+3 8
fe=(23)
1214 8
+15 12
+19 8
+2 20
+48 12
+1 2
+3 2
cfi=(42)
cfn=(140)
calls=1 26 
* 5
* 6
cfi=(42)
cfn=(140)
calls=3 26 
* 15
* 8
+9 8
+2 16
+2 8
+16 8
cfi=(6)
cfn=(10)
calls=4 940 
* 92
+4 8
+1 8
+17 8
+1 1
+3 1
+5 1
-5 2
+5 1
-5 3
+5 3
-5 6
+5 3
+10 8
+10 12
cfi=(16)
cfn=(48)
calls=4 31 
* 180
+4 12
fi=(39)
123 8
+8 32
cfi=(41)
cfn=(136)
calls=4 -22 
* 742
+1 16
-42 6
fi=(40)
+4 15
+2 3
-1 6
+1 3
-1 3
+1 3
-1 3
+1 3
-1 6
+3 12
fi=(39)
+43 18
cfi=(38)
cfn=(130)
calls=2 -97 
* 66
+3 6
fe=(23)

fn=(118) open_verify.constprop.12
1658 168
+39 14
-39 28
+39 28
+31 56
cfi=(34)
cfn=(120)
calls=14 37 
* 254
* 14
+2 28
+11 4
+1 4
+5 4
-5 4
+1 4
-1 4
+5 24
cfi=(35)
cfn=(122)
calls=4 26 
* 20
+2 8
+2 8
+2 8
+6 8
+16 36
-65 10
1995 126
1775 28
+74 8
+5 8
+2 16
+6 8
+11 8
+6 4
+1 4
-1 12
+1 12
+1 8
+21 16
1735 16
1902 180
+2 88
+13 12
+3 16
+28 24
-3 36
+15 4
+6 6
-3 2
+1 2
+3 2
-3 4
+1 2
-1 2
-1 2
+4 4
1775 2
1991 8
cob=(2)
cfi=(17)
cfn=(84) 0x0000000004001080
calls=4 0 
* 20
* 4
-43 24
+3 4
-4 4
+4 8
+5 2
+1 4
-36 16

fn=(114)
2157 72
+8 16
+1 32
+3 136
+5 196
+2 84
cfi=(33)
cfn=(116)
calls=28 282 
* 3050
* 56
+4 48
+1 72
+3 11
+1 11
+1 11
-1 11
+1 11
cfi=(20)
cfn=(54)
calls=11 144 
* 386
* 22
2468 72
2202 24
-43 4
+53 12
+36 8
-2 4
+2 4
cfi=(26)
cfn=(80)
calls=4 24 
* 116
* 8
2399 2
-1 3
cfn=(76) expand_dynamic_string_token
calls=1 378 
* 170
+2 1
-3 1
+3 2
+4 9
cfn=(118)
calls=1 1658 
* 240
+3 2
-3 1
+3 2
+12 4
+46 1
+1 3
-1 1
+1 9
cfn=(124)
calls=1 866 
* 1586
-1 3
+1 9
-1 3
+1 27
cfn=(124)
calls=3 866 
* 5711
* 12
2252 6
cfi=(13)
cfn=(28)
calls=3 79 
* 66
* 6
+2 6
+7 12
+36 36
cfn=(148) open_path
calls=3 2009 
* 1828
+6 3
-6 3
+6 12
659 3
2304 3
659 6
+3 2
2391 6
+28 12
+2 12
2312 3
+14 6
+2 9
+4 6
cfi=(46)
cfn=(152)
calls=3 187 
* 4871
* 3
+2 6
+4 6
+8 9
+23 30
cfn=(118)
calls=3 1658 
* 722
+4 9
-4 3
+4 6
+1 6
2265 3
+1 6
-1 12
+8 21
-3 12
659 4
2271 4
659 8
+3 7
cfn=(172) cache_rpath.part.11
calls=1 +3 
* 8
2271 12
+14 6
+1 24
659 3
2287 3
659 6
2296 6
+1 11
cfn=(172)
calls=1 665 
* 8
+7 3
+23 4

fn=(172)
665 2
-11 2
+11 6
+3 2
+8 4

fn=(78)
231 8
+3 8
-3 24
+7 8
-7 8
+3 8
cfi=(26)
cfn=(80)
calls=8 24 
* 256
+3 16
+20 56

fn=(64)
681 1
+13 3
-13 5
+13 1
-13 1
+13 1
cfi=(24)
cfn=(66)
calls=1 42 
* 715
+5 1
-5 1
+5 1
cfi=(18)
cfn=(44)
calls=1 50 
* 18
* 1
-1 1
+2 2
+8 2
-1 1
+1 1
-1 3
+4 4
cfi=(18)
cfn=(44)
calls=1 50 
* 18
* 1
* 1
+2 2
+7 1
+8 2
+2 1
+12 1
-23 1
+11 1
+3 1
+9 2
-11 1
+11 1
-8 1
-1 1
+2 1
+4 16
+1 4
-1 12
+1 28
-1 84
+3 8
-8 3
+8 3
-14 6
+10 3
+4 3
-14 3
+6 3
+1 3
-5 3
+1 3
+2 3
+5 3
-3 6
+18 1
-11 1
+6 1
+1 1
+5 2
+2 4
+2 3
+38 4
-19 1
-2 2
+2 2
+21 2
cfi=(13)
cfn=(28)
calls=1 79 
* 16
* 8
cfi=(19)
cfn=(46)
calls=1 128 
* 10
* 1
+5 4
-1 2
+2 56
-1 57
+5 1
cfi=(18)
cfn=(44)
calls=1 50 
* 18
* 1
-1 1
+2 2
+6 7
cfn=(72) fillin_rpath
calls=1 447 
* 628
+3 3
+6 1
+4 7
-37 2

fn=(76)
378 6
+10 2
-10 8
+10 2
cfn=(78)
calls=2 231 
* 104
+3 4
+12 2
-11 2
+11 8
-11 2
cfi=(27)
cfn=(82)
calls=2 40 
* 150

fn=(72)
447 7
+2 1
-2 9
+4 3
cfi=(18)
cfn=(74)
calls=1 265 
* 281
* 3
cfi=(18)
cfn=(74)
calls=1 265 
* 7
* 6
+7 2
+2 3
cfn=(76)
calls=1 -82 
* 120
* 1
+4 2
+5 2
cfi=(13)
cfn=(28)
calls=1 79 
* 16
+1 2
+7 6
+9 17
+1 8
+57 2
cob=(2)
cfi=(17)
cfn=(84)
calls=1 0 
* 5
* 1
-39 2
+4 8
cfi=(18)
cfn=(44)
calls=1 50 
* 18
* 1
+2 3
+5 1
+1 2
-2 2
+2 1
cfi=(19)
cfn=(70)
calls=1 115 
* 12
+1 1
+2 1
-3 1
+1 1
+2 1
+6 3
+1 1
-1 1
+1 3
+1 1
-1 3
+1 7
-1 21
+3 1
+1 1
-1 1
+1 1
+8 1
-1 1
+4 3
-65 2
+5 4
+23 2
+43 1
+3 9
-15 2

fn=(148)
2009 24
+1 6
+6 6
+5 39
-7 3
+7 6
-8 3
1432 9
2033 18
+7 9
-12 3
+13 3
-1 3
cfi=(19)
cfn=(70)
calls=3 115 
* 36
* 3
+55 6
-8 15
-46 6
+46 10
-46 20
+3 48
+4 70
cfi=(19)
cfn=(70)
calls=10 115 
* 127
* 40
cfi=(19)
cfn=(70)
calls=10 115 
* 120
+3 20
+3 30
+3 90
cfn=(118)
calls=10 1658 
* 530
+2 20
-2 10
+2 30
+2 16
+89 27
-45 14
-64 28
+85 21
+7 6
-2 3
+2 9
+3 9
-13 6
-38 8
+2 4
-46 4
+25 16
+1 64
+6 16
+2 16
-2 24
+2 16
cfi=(45) /build/glibc-vjB4T1/glibc-2.28/io/../sysdeps/unix/sysv/linux/wordsize-64/xstat.c
cfn=(150) _xstat
calls=8 33 
* 101
+3 8
-3 16
+1 1
+2 1
-2 1
+2 7
-37 2
+37 7
-37 14

fl=(16)
fn=(36)
59 55
+1 5
-1 5
+1 10
cfi=(13)
cfn=(28)
calls=5 +19 
* 116
+6 5
+7 5
-13 10
+6 10
-6 5
+6 15
+2 10
+5 15
cfi=(18)
cfn=(40)
calls=5 +19 
* 201
* 5
* 5
+3 10
+4 5
+5 5
-6 5
+6 5
-5 5
+5 5
-5 5
+5 5
-1 5
+1 5
-1 5
+1 5
cfi=(19)
cfn=(46)
calls=5 +43 
* 61
* 5
+10 5
-10 5
+10 5
+1 5
-9 5
+8 15
+1 5
-1 5
+1 20
+3 10
+2 5
+4 5
+3 15
+2 2
-2 2
+2 30
-2 30
+18 10
-5 5
+5 5
-6 5
+6 5
-6 5
+6 10
+2 12
+3 9
+4 15
+4 8
+2 1
+6 1
+3 1
+3 2
-3 1
+3 1
-3 4
+3 8
-3 4
+3 4
+2 4
+21 4
-21 4
cfi=(13)
cfn=(28)
calls=4 -76 
* 136
+4 4
-4 12
+17 4
-13 12
+50 12
cfi=(19)
cfn=(70)
calls=4 -94 
* 72
* 82
+6 78
-1 78
+1 82
-1 4
+1 4
+2 8
+3 4
+3 4
+4 45
100 14
+39 12
-15 1
+7 4
+32 8
cfi=(18)
cfn=(44)
calls=4 50 
* 72
* 4
* 4
+1 16

fn=(48)
31 15
+2 5
-2 10
+2 10
cfi=(2)
cfn=(50)
calls=5 785 
* 10
+2 41
+3 42
+2 4
+2 4
+4 4
+4 4
+1 4
-5 8
+1 4
+4 4
-4 4
+1 4
+3 4
-3 4
+2 4
cfi=(2)
cfn=(52)
calls=4 791 
* 8
-4 1
+4 1
+1 1
-5 2
+1 1
+4 1
-4 1
+1 1
+3 1
-3 1
+2 1
cfi=(2)
cfn=(52)
calls=1 791 
* 2
-5 2

fl=(53)
fn=(182) _dl_check_map_versions
156 42
+15 18
+2 6
+3 18
-3 12
+2 6
+1 6
-1 6
+3 12
+3 8
-16 4
-8 4
+28 4
-4 4
+4 16
+16 4
37 4
201 4
37 4
201 4
37 20
201 2
37 2
201 2
37 2
201 2
37 10
+1 23
-1 46
+2 87
cfi=(33)
cfn=(116)
calls=29 282 
* 2956
* 58
209 18
+5 6
-71 12
+71 12
-71 18
+79 6
-2 6
-2 6
+4 6
-4 48
+4 4
-2 4
-2 4
+4 4
-4 42
57 4
+8 6
-8 16
+8 24
+6 30
+16 10
+1 20
+2 10
+5 70
+14 140
+12 180
+4 60
-30 120
225 40
+3 30
+5 4
-11 4
111 10
+3 40
cfi=(20)
cfn=(54)
calls=10 +30 
* 522
* 46
237 24
+5 4
-43 2
+11 4
+41 16
+3 12
+10 37
-7 148
+3 111
-3 12
+3 9
+8 10
+89 54
165 2
+86 2
-94 2
+94 3
+23 20
cfi=(18)
cfn=(40)
calls=5 92 
* 135
* 5
-1 5
+2 10
+13 5
+2 5
-5 5
+3 10
+2 10
+3 16
+4 18
+18 4
-15 12
+2 12
-2 18
+2 18
+2 10
+1 10
-1 20
+1 10
-1 10
+1 10
+1 10
-2 10
+2 20
+1 30
+3 30
+8 18
+5 2
-28 2
+33 15
+3 12
+20 37
-14 80
-2 37
+6 37
+1 37
+1 37
-1 111
+1 37
-1 37
+1 37
+1 37
+3 123

fn=(180)
362 5
+4 5
-2 2
+4 36
cfn=(182)
calls=6 156 
* 6604
-2 6
+2 24
-2 12
+5 7

fl=(8)
fn=(26)
373 206
+4 60
+22 95
+2 19
-9 2
+1 1
-11 6
+1 3

fn=(14)
289 8
-9 4
68 113
+6 36
-3 36
+3 2343
+4 72
+5 72
297 72
fi=(9) /build/glibc-vjB4T1/glibc-2.28/elf/dl-tunables.h
120 108
+1 74
-1 2
+1 4
-1 8
+1 32
-1 40
fe=(8)
330 144
-12 4320
fi=(9)
120 1296
+1 1581
-1 228
fe=(8)
312 3492
68 72
364 8

fl=(52)
fn=(174)
28 18
+2 16
+4 2
+1 4
-1 4
-1 2
+1 12
+1 2
cfi=(41)
cfn=(136)
calls=2 +74 
* 26
* 18
+4 8
+3 2
-3 4
+1 6
+2 2
-3 40
+3 10
-3 20
+1 30
+2 10
+12 54
+2 30
+1 20
-1 42
+1 28
+33 44
+21 44
-57 44
+61 52
-56 138
+1 102
+6 2
-1 6
+1 4
-1 4
+1 2
-1 6
cfi=(19)
cfn=(46)
calls=2 +63 
* 20
+2 2
+2 14
+8 14
+41 48
cfi=(41)
cfn=(136)
calls=8 -9 
* 120
* 24
-34 14
cfi=(19)
cfn=(46)
calls=2 +44 
* 28
+1 6
+2 2
-2 2
+2 2
+3 33
-44 24
+69 2
+7 16

fl=(10)
fn=(60)
46 4
+2 3
+85 5
-45 3
cfi=(22)
cfn=(62)
calls=1 -10 
* 5
+15 1
-15 2
+20 1
-1 1
+3 12
+4 3
-2 6
+2 9
+7 3
-1 3
+4 3
-2 3
+2 10
+5 2

fl=(45)
fn=(150)
33 8
+1 16
+1 48
+4 1
-4 28

fl=(107)
fn=(424)
66 30
+6 30
-6 15
+3 30
+3 45
-4 15
+5 15
+2 15
-2 75
+2 15
-2 15
+2 15
+5 30
+4 30
+4 45
+4 30
+1 60
-7 60
+16 15
-1 15
+1 30
+10 135
cfi=(6)
cfn=(200)
calls=15 791 
* 13867
* 15
+4 75
+10 120

ob=(7)
fl=(97)
fn=(716)
0 8
cob=(2)
cfi=(17)
cfn=(722) 0x0000000000109150
calls=1 0 
0 74
0 1
cfn=(730) 0x0000000000001190
calls=1 0 
0 5
0 3

fn=(378)
0 11
cob=(3)
cfi=(98) /build/glibc-vjB4T1/glibc-2.28/csu/../csu/libc-start.c
cfn=(380) (below main)
calls=1 137 
0 1199875525

fn=(388) __libc_csu_init
0 14
cob=(2)
cfi=(17)
cfn=(390) 0x0000000000109000
calls=1 0 
0 6
0 8
cfn=(394) 0x0000000000001240
calls=1 0 
0 11
0 11

fn=(406) main
0 4
cob=(3)
cfi=(103) /build/glibc-vjB4T1/glibc-2.28/gmon/../sysdeps/x86_64/_mcount.S
cfn=(408) mcount
calls=1 29 
0 25
0 4
cfi=(105) /import/reed/1/z5218632/Desktop/COMP2521/Assignment_1/Text-Analysis/2521_assignment/Dict.c
cfn=(412) testDictImplementation
calls=1 204 
0 74447
0 13
cob=(1)
cfi=(106)
cfn=(422)
calls=1 72 
0 1544
0 5
0 5
cfi=(105)
cfn=(414) newDict
calls=1 38 
0 243
0 4
cob=(3)
cfi=(124) /build/glibc-vjB4T1/glibc-2.28/libio/iofopen.c
cfn=(502) fopen@@GLIBC_2.2.5
calls=1 86 
0 589
0 1
0 3272
cfi=(105)
cfn=(548) DictInsert
calls=654 157 
0 2917454
0 3930
cob=(3)
cfi=(127) /build/glibc-vjB4T1/glibc-2.28/stdio-common/isoc99_fscanf.c
cfn=(526) __isoc99_fscanf
calls=654 26 
0 346948
cob=(1)
cfi=(106)
cfn=(422)
calls=1 72 
0 1938
0 659
0 1313
cob=(1)
cfi=(106)
cfn=(422)
calls=1 72 
0 1531
0 5
0 4
cob=(3)
cfi=(124)
cfn=(502)
calls=1 86 
0 414
0 1
0 142
cob=(3)
cfi=(136) /build/glibc-vjB4T1/glibc-2.28/string/../sysdeps/x86_64/multiarch/strcmp-avx2.S
cfn=(636) __strncmp_avx2
calls=28 82 
0 728
0 28
0 201
cob=(3)
cfi=(139) /build/glibc-vjB4T1/glibc-2.28/libio/iofgets.c
cfn=(620) fgets
calls=28 37 
0 4807
cob=(1)
cfi=(106)
cfn=(422)
calls=1 72 
0 1633
0 33
0 203
cob=(3)
cfi=(136)
cfn=(636)
calls=28 82 
0 726
cob=(1)
cfi=(106)
cfn=(422)
calls=1 72 
0 1025
0 33
0 61
cfi=(105)
cfn=(414)
calls=1 38 
0 243
0 328322
cob=(3)
cfi=(142) /build/glibc-vjB4T1/glibc-2.28/string/strtok.c
cfn=(642) strtok
calls=65663 34 
0 29322955
cob=(1)
cfi=(106)
cfn=(422)
calls=1 72 
0 1244
0 65668
0 2966468
cfi=(105)
cfn=(662) DictFind
calls=567028 170 
0 273784919
0 1868303
cob=(3)
cfi=(133) /build/glibc-vjB4T1/glibc-2.28/string/../sysdeps/x86_64/multiarch/strlen-avx2.S
cfn=(562) __strlen_avx2
calls=244748 55 
0 4131004
cob=(1)
cfi=(106)
cfn=(422)
calls=1 72 
0 1013
0 244753
0 1468494
cfi=(149) /import/reed/1/z5218632/Desktop/COMP2521/Assignment_1/Text-Analysis/2521_assignment/stemmer.c
cfn=(668) stem
calls=244749 319 
0 149289091
0 2936988
cfi=(105)
cfn=(548)
calls=244749 157 
0 441277438
0 2268112
cob=(3)
cfi=(142)
cfn=(642)
calls=567028 34 
0 269384891
0 567028
0 2160737
cob=(3)
cfi=(139)
cfn=(620)
calls=65665 37 
0 12011512
0 65665
0 459655
cob=(3)
cfi=(136)
cfn=(636)
calls=65665 82 
0 1707288
0 65665
0 131333
cob=(3)
cfi=(137) /build/glibc-vjB4T1/glibc-2.28/libio/iofclose.c
cfn=(590) fclose@@GLIBC_2.2.5
calls=1 34 
0 503
0 1
0 3

fn=(730)
0 5

fn=(394)
0 11

fl=(105)
fn=(414)
38 9
+1 6
cob=(3)
cfi=(108) /build/glibc-vjB4T1/glibc-2.28/malloc/malloc.c
cfn=(428) malloc
calls=2 3020 
* 458
cob=(1)
cfi=(106)
cfn=(422)
calls=1 +33 
* 71842
* 7
* 3
+2 6
+4 6
+1 3
+1 6

fn=(576) calculateHeight
49 15491526
+1 10327684
+1 72744
+2 10254940
+2 10327684

fn=(582) rotateRight
97 78940
+4 98570
+1 41601
+1 27734
+1 55468
+1 41601
+1 70224
+1 41072
cfn=(580) height
calls=10268 -17 
* 92412
* 51340
cfn=(580)
calls=10268 -17 
* 92412
* 30804
cfn=(578) max
calls=10268 -50 
* 92412
* 41072
+2 7198
+2 14396
cfn=(580)
calls=3599 -21 
* 32391
* 41072
cfn=(580)
calls=10268 -21 
* 92412
* 69335
cfn=(580)
calls=13867 -21 
* 124803
* 41601
cfn=(578)
calls=13867 -54 
* 124803
* 41601
+2 13867
+1 63152

fn=(548)
157 1227015
+2 490806
+1 245403
+1 1717821
cfn=(550) insertRecursivelyHelper
calls=245403 -45 
* 439041429
* 736209
+2 245403
+1 490806

fn=(580)
90 31188942
+1 20792628
+1 168336
+2 20624292
+2 20792628

fn=(584) rotateLeft
73 78940
+3 97128
+1 43764
+1 29176
+1 58352
+1 43764
+1 102576
+1 25256
cfn=(580)
calls=6314 +8 
* 56826
* 31570
cfn=(580)
calls=6314 +8 
* 56826
* 18942
cfn=(578)
calls=6314 -25 
* 56826
* 25256
+2 16548
+2 33096
cfn=(580)
calls=8274 +4 
* 74466
* 25256
cfn=(580)
calls=6314 +4 
* 56826
* 72940
cfn=(580)
calls=14588 +4 
* 131292
* 43764
cfn=(578)
calls=14588 -29 
* 131292
* 43764
+2 14588
+1 63152

fn=(662)
170 2835140
+2 1701084
+1 567028
+1 42821010
cob=(3)
cfi=(136)
cfn=(574) __strcmp_avx2
calls=7136835 -82 
* 149523296
* 7136835
* 7136835
+1 14273670
+2 21056808
+1 3745266
+2 6201416
+2 644558
-9 14763168
+12 244749
+1 1134056

fn=(412)
204 3
+1 2
cfn=(414)
calls=1 38 
* 71860
* 1
+1 4
+2 3
cob=(1)
cfi=(106)
cfn=(422)
calls=1 72 
* 2566
* 5
+1 3

fn=(550)
116 1717821
+1 490806
+2 6
cfn=(552) createNewNode
calls=2 -59 
* 2091
* 2
+1 6
+1 4
+2 1472406
cob=(3)
cfi=(136)
cfn=(574)
calls=245400 -31 
* 6373384
cob=(1)
cfi=(106)
cfn=(422)
calls=1 -51 
* 1001
* 245405
* 245401
+2 490802
+2 881580
cfn=(551) insertRecursivelyHelper'2
calls=125940 -11 
* 203663997
* 503760
+1 238922
+2 835849
cfn=(551)
calls=119407 -14 
* 194650025
* 477628
+3 270
+1 108
+4 981388
cfn=(576)
calls=245347 -89 
* 2208123
* 1226735
cfn=(576)
calls=245347 -89 
* 2208123
* 736041
cfn=(578)
calls=245347 -81 
* 2208123
* 736041
+3 981388
cfn=(580)
calls=245347 -51 
* 2208123
* 1226735
cfn=(580)
calls=245347 -51 
* 2208123
* 981388
+1 108
+1 108
cfn=(582)
calls=27 -46 
* 2959
* 81
+2 81
cfn=(584)
calls=27 -72 
* 3130
* 54
+1 981280
cfn=(580)
calls=245320 -56 
* 2207880
* 1226600
cfn=(580)
calls=245320 -56 
* 2207880
* 981280
+1 24
+1 24
cfn=(584)
calls=6 -75 
* 669
* 18
+2 18
cfn=(582)
calls=6 -53 
* 665
* 6
+2 6
+1 24
-1 245341
+1 981588

fn=(551)
116 18073447
+1 5163842
+2 40143
cfn=(552)
calls=13381 -59 
* 7223121
* 13381
+1 40143
+1 26762
+2 15411240
cob=(3)
cfi=(136)
cfn=(574)
calls=2568540 -31 
* 53406820
* 2568540
* 2568540
+2 5137080
+2 8234373
cfn=(551)
calls=1176339 -11 
* 970904876
* 4705356
+1 2784402
+2 8121645
cfn=(551)
calls=1160235 -14 
* 951961186
* 4640940
+3 1159830
+1 463932
+4 9346296
cfn=(576)
calls=2336574 -89 
* 21029166
* 11682870
cfn=(576)
calls=2336574 -89 
* 21029166
* 7009722
cfn=(578)
calls=2336574 -81 
* 21029166
* 7009722
+3 9346296
cfn=(580)
calls=2336574 -51 
* 21029166
* 11682870
cfn=(580)
calls=2336574 -51 
* 21029166
* 9346296
+1 42780
+1 42780
cfn=(582)
calls=10695 -46 
* 1020125
* 32085
+2 32085
cfn=(584)
calls=10695 -72 
* 990052
* 21390
+1 9303516
cfn=(580)
calls=2325879 -56 
* 20932911
* 11629395
cfn=(580)
calls=2325879 -56 
* 20932911
* 9303516
+1 20240
+1 20240
cfn=(584)
calls=5060 -75 
* 438335
* 15180
+2 15180
cfn=(582)
calls=5060 -53 
* 498544
* 5060
+2 5060
+1 20240
-1 2331514
+1 10307444

fn=(552)
60 53532
+1 26766
cob=(3)
cfi=(108)
cfn=(428)
calls=13383 3020 
* 3105621
* 13383
* 13383
+1 26766
+4 26766
+1 26766
+1 26766
+1 40149
cob=(3)
cfi=(132) /build/glibc-vjB4T1/glibc-2.28/string/strdup.c
cfn=(558) strdup
calls=13382 -29 
* 3743574
cob=(1)
cfi=(106)
cfn=(422)
calls=1 +3 
* 1289
* 13387
* 40149
+1 26766
+1 13383
+1 26766

fn=(578)
57 10507832
+1 7880874
+1 5253916

fl=(149)
fn=(670) step1ab
172 2322900
+1 65686
cfn=(672) ends
calls=32843 -45 
* 2330379
* 66482
+1 65288
cfn=(672)
calls=32644 -46 
* 2188840
* 66980
cfn=(700) setto
calls=846 -34 
* 37389
* 846
+1 338384
+2 56000
cfn=(672)
calls=28000 -49 
* 734847
* 408580
cfn=(672)
calls=204290 -49 
* 6540040
* 464846
cfn=(696) m
calls=133 67 
* 12059
* 422
+14 52
-13 464314
cfn=(672)
calls=232157 -50 
* 7316214
* 878124
cfn=(672)
calls=206905 -50 
* 5755828
* 494956
cfn=(690) vowelinstem
calls=40573 -83 
* 3109682
* 81146
+1 79154
+1 79154
cfn=(672)
calls=39577 -52 
* 1205559
* 81380
cfn=(700)
calls=1113 -40 
* 48972
+11 1113
-10 76928
cfn=(672)
calls=38464 -53 
* 1041712
* 77340
cfn=(700)
calls=206 -41 
* 9064
+10 206
-9 76516
cfn=(672)
calls=38258 -54 
* 942727
* 77186
cfn=(700)
calls=335 -42 
* 14740
+9 335
-8 113769
cfn=(694) doublec
calls=37923 -80 
* 1019239
* 75846
+1 12999
+1 30331
+1 26566
+5 2378
-2 67180
cfn=(696)
calls=33590 67 
* 6438006
* 121267
cfn=(698) cvc
calls=18029 -71 
* 1575722
* 42248
cfn=(700)
calls=3095 -49 
* 133085
+2 696870

fn=(676) step2
202 4506776
+2 40560
cfn=(672)
calls=20280 -76 
* 598533
* 40616
cfn=(706) r
calls=28 -57 
* 3705
* 28
+1 40504
cfn=(672)
calls=20252 -77 
* 606603
* 40562
cfn=(706)
calls=29 -58 
* 7317
* 29
+2 27872
cfn=(672)
calls=13936 -79 
* 351278
* 28176
cfn=(706)
calls=152 -60 
* 41465
* 152
+1 27568
cfn=(672)
calls=13784 -80 
* 340334
* 27722
cfn=(706)
calls=77 -61 
* 7290
* 77
+2 58182
cfn=(672)
calls=29091 -82 
* 1325296
* 58186
cfn=(706)
calls=2 -63 
* 593
* 2
+2 48560
cfn=(672)
calls=24280 -84 
* 900867
* 48944
cfn=(706)
calls=192 -65 
* 57578
* 192
+5 48176
cfn=(672)
calls=24088 -89 
* 923369
* 49406
cfn=(706)
calls=615 -70 
* 165723
* 615
+1 46946
cfn=(672)
calls=23473 -90 
* 875850
* 48244
cfn=(706)
calls=649 -71 
* 143078
* 649
+1 45648
cfn=(672)
calls=22824 -91 
* 804429
* 47146
cfn=(706)
calls=749 -72 
* 208114
* 749
+1 44150
cfn=(672)
calls=22075 -92 
* 775358
* 44668
cfn=(706)
calls=259 -73 
* 73445
* 259
+2 48770
cfn=(672)
calls=24385 -94 
* 893259
* 48808
cfn=(706)
calls=19 -75 
* 5095
* 19
+1 48732
cfn=(672)
calls=24366 -95 
* 946052
* 52040
cfn=(706)
calls=1654 -76 
* 422225
* 1654
+1 45424
cfn=(672)
calls=22712 -96 
* 662769
* 45492
cfn=(706)
calls=34 -77 
* 7797
* 34
+2 31724
cfn=(672)
calls=15862 -98 
* 385488
* 31730
cfn=(706)
calls=3 -79 
* 702
* 3
+1 31718
cfn=(672)
calls=15859 -99 
* 572242
* 31756
cfn=(706)
calls=19 -80 
* 4572
* 19
+1 31680
cfn=(672)
calls=15840 128 
* 570874
* 31718
cfn=(706)
calls=19 -81 
* 4795
* 19
+1 31642
cfn=(672)
calls=15821 128 
* 569506
* 31814
cfn=(706)
calls=86 -82 
* 24070
* 86
+2 21092
cfn=(672)
calls=10546 128 
* 379656
* 21378
cfn=(706)
calls=143 -84 
* 26471
* 143
+1 20806
cfn=(672)
calls=10403 128 
* 369360
* 21084
cfn=(706)
calls=139 -85 
* 25043
* 139
+1 20528
cfn=(672)
calls=10264 128 
* 343321
* 20990
cfn=(706)
calls=231 -86 
* 60638
* 231
+2 7198
cfn=(672)
calls=3599 128 
* 91080
* 7228
cfn=(706)
calls=15 -88 
* 2692
* 15
-29 40446
+3 27414
+2 58178
+10 43632
+4 45356
+5 31470
+4 10033
+5 696870

fn=(682) step5
303 1161450
+1 1626030
+1 91036
cfn=(696)
calls=45518 67 
* 8911525
* 45518
+1 274974
cfn=(698)
calls=28738 118 
* 2686609
* 131093
+2 1669359
cfn=(694)
calls=14443 103 
* 491782
* 40498
cfn=(696)
calls=5806 67 
* 960286
* 13523
+1 696870

fn=(668)
319 2936988
+1 1248663
+7 464580
cfn=(670)
calls=232290 172 
* 47967876
* 464580
cfn=(674) step1c
calls=232290 195 
* 10035250
* 464580
cfn=(676)
calls=232290 202 
* 21588409
* 464580
cfn=(678) step3
calls=232290 -84 
* 17950221
* 464580
cfn=(680) step4
calls=232290 -66 
* 25251863
* 464580
cfn=(682)
calls=232290 -24 
* 18800553
+1 232290
+1 489498

fn=(694)
103 366562
+1 765146
+1 30516
cfn=(692) cons
calls=10172 -57 
* 244065
+1 104732

fn=(698)
118 511287
cfn=(692)
calls=45717 -70 
* 1109829
* 268754
cfn=(692)
calls=44330 -70 
* 1089570
* 192420
cfn=(692)
calls=25940 -70 
* 620854
* 106678
+1 135576
+1 115510
+2 18319
+1 93534

fn=(700)
140 101936
+1 152904
cob=(3)
cfi=(134) /build/glibc-vjB4T1/glibc-2.28/string/../sysdeps/x86_64/multiarch/memmove-vec-unaligned-erms.S
cfn=(566) __memcpy_avx_unaligned_erms
calls=12741 +85 
* 193340
cob=(1)
cfi=(106)
cfn=(422)
calls=1 -69 
* 1022
* 12746
+1 50968
+1 38226

fn=(674)
195 929160
cfn=(672)
calls=232290 -67 
* 6292846
* 504408
cfn=(690)
calls=19914 95 
* 1477443
* 831393

fn=(678)
243 2935174
+13 43236
-13 450684
+13 99346
-11 100620
cfn=(672)
calls=50310 128 
* 2921507
* 101048
cfn=(706)
calls=214 -98 
* 46213
* 214
+1 100192
cfn=(672)
calls=50096 128 
* 2906099
* 100382
cfn=(706)
calls=95 -99 
* 24452
* 95
+1 100002
cfn=(672)
calls=50001 128 
* 2899259
* 100194
cfn=(706)
calls=96 147 
* 10230
* 96
+2 39398
cfn=(672)
calls=19699 128 
* 1175731
* 39462
cfn=(706)
calls=32 147 
* 8153
* 32
+2 25496
cfn=(672)
calls=12748 128 
* 901989
* 26228
cfn=(706)
calls=366 147 
* 96869
* 366
+1 24764
cfn=(672)
calls=12382 128 
* 830974
* 26144
cfn=(706)
calls=690 147 
* 170302
* 690
+2 13902
cfn=(672)
calls=6951 128 
* 500267
* 16014
cfn=(706)
calls=1056 147 
* 248048
* 1056
-6 99810
+2 39334
+3 23384
+2 5895
+1 696870

fn=(692)
48 18956267
+1 690468
+1 25002
cfn=(693) cons'2
calls=3498 -2 
* 85809
* 14336
+1 562415
+2 1822638

fn=(693)
48 73330
+1 3970
+2 1513
+2 6996

fn=(706)
147 45978
cfn=(696)
calls=7663 -80 
* 1483049
* 36767
cfn=(700)
calls=7147 -7 
* 307892
* 22989

fn=(672)
128 15791448
+1 26481550
+1 4176760
+1 8111344
cob=(3)
cfi=(150) /build/glibc-vjB4T1/glibc-2.28/string/../sysdeps/x86_64/multiarch/memcmp-avx2-movbe.S
cfn=(688) __memcmp_avx2_movbe
calls=506958 -65 
* 9776513
cob=(1)
cfi=(106)
cfn=(422)
calls=1 -59 
* 986
* 506963
* 1805322
+1 333771
+1 111257
+1 3947862

fn=(680)
261 4624872
+1 41536
cfn=(672)
calls=20768 128 
* 644187
* 44775
+2 28176
cfn=(672)
calls=14088 128 
* 701976
* 28176
+1 26216
cfn=(672)
calls=13108 128 
* 631416
* 27258
+2 58628
cfn=(672)
calls=29314 128 
* 1302126
* 71930
+2 23416
cfn=(672)
calls=11708 128 
* 348357
* 24913
+2 44916
cfn=(672)
calls=22458 128 
* 848800
* 44916
+1 42586
cfn=(672)
calls=21293 128 
* 764920
* 43349
+2 44282
cfn=(672)
calls=22141 128 
* 850868
* 44282
+1 41192
cfn=(672)
calls=20596 128 
* 762750
* 41192
+1 40102
cfn=(672)
calls=20051 128 
* 734047
* 40102
+1 37478
cfn=(672)
calls=18739 128 
* 624316
* 39714
+2 45884
cfn=(672)
calls=22942 128 
* 837445
* 97649
+1 38342
cfn=(672)
calls=19171 128 
* 528234
* 39856

ob=(1)
fl=(107)
fn=(424)
126 15
+15 15
-8 15
+8 45
+4 45
fi=(5)
+97 15
fe=(107)
-93 45
fi=(135) /build/glibc-vjB4T1/glibc-2.28/elf/../sysdeps/x86_64/dl-irel.h
32 5
cob=(3)
cfi=(56) /build/glibc-vjB4T1/glibc-2.28/string/../sysdeps/x86_64/multiarch/ifunc-memmove.h
cfn=(208) memmove
calls=1 +13 
* 16
cob=(3)
cfi=(67) /build/glibc-vjB4T1/glibc-2.28/string/../sysdeps/x86_64/multiarch/ifunc-memcmp.h
cfn=(238) bcmp
calls=1 +1 
* 13
cob=(3)
cfi=(62) /build/glibc-vjB4T1/glibc-2.28/string/../sysdeps/x86_64/multiarch/ifunc-avx2.h
cfn=(272) strlen
calls=1 * 
* 8
cob=(3)
cfi=(69) /build/glibc-vjB4T1/glibc-2.28/string/../sysdeps/x86_64/multiarch/strncmp.c
cfn=(242) strncmp
calls=1 +9 
* 8
cob=(3)
cfi=(70) /build/glibc-vjB4T1/glibc-2.28/string/../sysdeps/x86_64/multiarch/strcmp.c
cfn=(244) strcmp
calls=1 +9 
* 8
* 5
fe=(107)

fl=(54)
fn=(304) _dl_protect_relro
313 24
+3 6
-3 6
+3 6
-3 6
+3 6
+4 12
-8 6
+9 30
cfi=(48)
cfn=(166)
calls=6 78 
* 30
* 12
+6 12

fn=(192)
148 60
+15 6
-15 12
+15 6
+1 30
+6 12
+6 30
-18 12
+22 12
+7 24
+44 6
fi=(5)
76 6
fe=(54)
231 12
fi=(5)
76 18
+6 10
+4 15
+14 5
-8 5
+8 10
+20 10
+11 20
fe=(54)
258 208
-99 10
fi=(5)
479 15
fe=(54)
159 10
fi=(4)
47 5
-1 5
+2 5
-1 5
+11 10
fe=(54)
258 1
-99 2
fi=(5)
479 3
fe=(54)
159 2
fi=(4)
47 1
-1 1
+2 1
-1 1
+11 2
-11 6
-1 6
+2 6
-1 6
+11 12
-7 5
-1 5
+11 20
fi=(5)
549 98
+4 98
+3 147
+1 49
fi=(4)
61 264
+2 356
+2 121
-4 3
+13 10
+1 4
+1 80
fi=(5)
549 40
+26 40
-1 80
-25 40
+26 80
+1 40
cob=(3)
cfi=(82) /build/glibc-vjB4T1/glibc-2.28/time/../sysdeps/unix/sysv/linux/x86/gettimeofday.c
cfn=(300) gettimeofday
calls=1 42 
* 81
cob=(3)
cfi=(59) /build/glibc-vjB4T1/glibc-2.28/string/../sysdeps/x86_64/multiarch/ifunc-strcasecmp.h
cfn=(296) strncasecmp_l
calls=1 32 
* 6
cob=(3)
cfi=(62)
cfn=(294) strchrnul
calls=1 32 
* 8
cob=(3)
cfi=(57) /build/glibc-vjB4T1/glibc-2.28/string/../sysdeps/x86_64/multiarch/ifunc-unaligned-ssse3.h
cfn=(290) stpcpy
calls=1 33 
* 5
cob=(3)
cfi=(57)
cfn=(286) stpncpy
calls=1 33 
* 5
cob=(3)
cfi=(72) /build/glibc-vjB4T1/glibc-2.28/string/../sysdeps/x86_64/multiarch/ifunc-sse4_2.h
cfn=(284) strspn
calls=1 30 
* 6
cob=(3)
cfi=(66) /build/glibc-vjB4T1/glibc-2.28/wcsmbs/../sysdeps/x86_64/multiarch/ifunc-avx2.h
cfn=(282) wcslen
calls=1 32 
* 8
cob=(3)
cfi=(62)
cfn=(280) memchr
calls=1 32 
* 8
cob=(3)
cfi=(59)
cfn=(276) strcasecmp_l
calls=1 32 
* 6
cob=(3)
cfi=(62)
cfn=(274) memrchr
calls=1 32 
* 8
cob=(3)
cfi=(62)
cfn=(272)
calls=1 32 
* 8
cob=(3)
cfi=(77) /build/glibc-vjB4T1/glibc-2.28/string/../sysdeps/x86_64/multiarch/strchr.c
cfn=(270) index
calls=1 40 
* 8
cob=(3)
cfi=(72)
cfn=(268) strpbrk
calls=1 30 
* 6
cob=(3)
cfi=(76) /build/glibc-vjB4T1/glibc-2.28/wcsmbs/../sysdeps/x86_64/multiarch/ifunc-wmemset.h
cfn=(266) wmemset
calls=2 32 
* 26
cob=(3)
cfi=(75) /build/glibc-vjB4T1/glibc-2.28/wcsmbs/../sysdeps/x86_64/multiarch/wcsnlen.c
cfn=(264) wcsnlen
calls=1 40 
* 7
cob=(3)
cfi=(56)
cfn=(262) memcpy@@GLIBC_2.14
calls=1 45 
* 16
cob=(3)
cfi=(57)
cfn=(258) strcpy
calls=1 33 
* 5
cob=(3)
cfi=(59)
cfn=(254) strncasecmp
calls=1 32 
* 6
cob=(3)
cfi=(72)
cfn=(252) strcspn
calls=1 30 
* 6
cob=(3)
cfi=(62)
cfn=(250) strnlen
calls=2 32 
* 16
cob=(3)
cfi=(66)
cfn=(248) wcschr
calls=2 32 
* 16
cob=(3)
cfi=(71) /build/glibc-vjB4T1/glibc-2.28/string/../sysdeps/x86_64/multiarch/ifunc-memset.h
cfn=(246) memset
calls=1 42 
* 18
cob=(3)
cfi=(70)
cfn=(244)
calls=1 41 
* 8
cob=(3)
cfi=(69)
cfn=(242)
calls=1 41 
* 8
cob=(3)
cfi=(67)
cfn=(238)
calls=1 33 
* 13
cob=(3)
cfi=(56)
cfn=(236) mempcpy
calls=1 45 
* 16
cob=(3)
cfi=(66)
cfn=(234) wcscmp
calls=1 32 
* 8
cob=(3)
cfi=(66)
cfn=(232) wmemchr
calls=2 32 
* 16
cob=(3)
cfi=(62)
cfn=(230) rawmemchr
calls=1 32 
* 8
cob=(3)
cfi=(63) /build/glibc-vjB4T1/glibc-2.28/time/../sysdeps/unix/sysv/linux/x86/time.c
cfn=(224) time
calls=1 43 
* 81
cob=(3)
cfi=(62)
cfn=(222) rindex
calls=1 32 
* 8
cob=(3)
cfi=(57)
cfn=(218) strcat
calls=1 33 
* 5
cob=(3)
cfi=(59)
cfn=(214) strcasecmp
calls=1 32 
* 6
cob=(3)
cfi=(57)
cfn=(210) strncpy
calls=1 33 
* 5
cob=(3)
cfi=(56)
cfn=(208)
calls=2 45 
* 32
fi=(4)
75 40
fi=(5)
577 40
fi=(4)
75 83
fe=(54)
258 2
fi=(4)
75 22
fe=(54)
258 22
+3 24
+24 6
+3 12
+17 12
177 12
fi=(4)
-93 7
+2 7
+12 7
-12 7
-3 14
+15 14
+10 10
+10 6
+3 12
+3 12
-73 5
-1 5
fi=(5)
489 15
fi=(4)
127 488
+9 244
+2 122
-2 244
+3 122
-2 122
+2 244
-2 366
fi=(5)
276 244
+21 244
+4 244
+7 488
fi=(55)
109 315
fi=(5)
308 2073
fi=(4)
138 101
fi=(5)
308 101
fi=(4)
138 101
fi=(5)
308 101
fi=(4)
138 101
fi=(5)
308 202
fi=(4)
138 1
fi=(5)
308 1
fi=(4)
138 1
fi=(5)
308 1
fi=(4)
138 1
fi=(5)
308 1226
cfi=(6)
cfn=(200)
calls=102 791 
* 69599
* 612
+1 315
+24 732
456 312
+1 104
fi=(4)
124 366
+19 25
fi=(5)
495 3
+4 6
cfi=(19)
cfn=(46)
calls=1 128 
* 10
+2 3
+1 1
-74 51
+4 68
+5 17
+9 17
-9 34
+9 34
fi=(4)
111 15
+1 5
fi=(5)
533 5
fi=(4)
112 5
fi=(5)
533 10
fi=(4)
112 1241
fi=(5)
533 1241
fi=(4)
112 1241
fi=(5)
533 2482
+5 2492
+1 1246
fi=(4)
111 1246
fi=(5)
539 2492
fi=(4)
111 2492
+7 15
-67 1
160 5
+2 20
+9 15
-1 30
fi=(5)
276 10
+21 10
+4 10
+7 20
fi=(55)
109 15
fi=(5)
308 165
cfi=(6)
cfn=(200)
calls=5 791 
* 3073
* 35
+1 15
+24 30
-25 34
+1 158
+3 107
-3 107
+3 214
-4 23
+1 360
561 36
fe=(54)
306 12
cfn=(304)
calls=6 +7 
* 156
+1 48
fi=(5)
124 20
-2 10
fe=(54)
258 3
fi=(5)
+50 39
456 15
+1 5
fi=(4)
160 16
+14 3
fe=(54)

ob=(7)
fl=(149)
fn=(680)
283 29922
cfn=(672)
calls=14961 128 
* 363363
* 29986
+2 23776
cfn=(672)
calls=11888 128 
* 531644
* 23776
+1 16366
cfn=(672)
calls=8183 128 
* 307053
* 17386
+2 12054
cfn=(672)
calls=6027 128 
* 176537
* 12454
+2 8572
cfn=(672)
calls=4286 128 
* 262292
* 9854
+2 1708
cfn=(672)
calls=854 128 
* 53103
* 2209
-28 1960
+7 2330
+3 3090
+1 1090
+1 2624
+20 7542
-11 3705
+11 7410
cfn=(696)
calls=3705 67 
* 662423
* 72356
cfn=(696)
calls=36178 67 
* 6321446
* 129611
-2 101710
-31 35058
+3 24132
+2 32024
+2 20422
+3 41060
+5 33006
+3 35314
+3 29794
+3 14326
+2 11254
+2 6008
+2 353
+4 464580

fn=(696)
67 530372
+1 265186
+2 827496
+1 807021
cfn=(692)
calls=269007 -23 
* 6471003
* 538014
+1 140509
-2 140509
+1 128498
+3 128498
+3 874217
+1 595917
cfn=(692)
calls=198639 -30 
* 4842414
* 397278
+1 22862
-2 22862
+1 175777
+3 175777
+1 175777
+2 953675
+1 589485
cfn=(692)
calls=196495 -37 
* 4831542
* 392990
+1 93556
-2 93556
+1 102939
+3 102939
-13 102939
+15 265186

fn=(690)
95 181461
+1 544518
cfn=(692)
calls=121019 -48 
* 2947658
* 790543
+1 1971
+1 120974

ob=(1)
fl=(54)
fn=(192)
fi=(5)
309 1
+3 1
-3 1
+3 2
-3 4
-1 54
fe=(54)

ob=(5)
fl=(156)
fn=(774)
213 2
cfn=(776) check_free
calls=1 -26 
* 14

fn=(776)
187 2
+1 1
-1 3
+1 2
+18 6

fl=(95)
fn=(364)
29 1
+1 1
+1 1

fl=(94)
fn=(358)
0 11

fn=(788) 0x0000000000001140
0 5

fn=(778)
0 8
cob=(2)
cfi=(17)
cfn=(784) 0x0000000004a2b120
calls=1 0 
0 74
0 1
cfn=(788)
calls=1 0 
0 5
0 3

ob=(2)
fl=(17)
fn=(604) 0x000000000488b318
0 4
cob=(3)
cfi=(108)
cfn=(606) free
calls=4 3078 
0 424

fn=(794)
0 3

fn=(320)
0 6

fn=(366)
0 6

fn=(784)
0 1
cob=(3)
cfi=(154) /build/glibc-vjB4T1/glibc-2.28/stdlib/cxa_finalize.c
cfn=(724) __cxa_finalize
calls=1 30 
0 73

fn=(84)
0 5
cob=(1)
cfi=(18)
cfn=(86)
calls=5 111 
0 20

fn=(488) 0x000000000488b308
0 13389
cob=(3)
cfi=(108)
cfn=(428)
calls=13389 3020 
0 3075918

fn=(722)
0 1
cob=(3)
cfi=(154)
cfn=(724)
calls=1 30 
0 73

fn=(736)
0 3

fn=(772)
0 3

fn=(354)
0 6

fn=(390)
0 6

fn=(762)
0 1
cob=(3)
cfi=(154)
cfn=(724)
calls=1 30 
0 73

fn=(744)
0 1
cob=(3)
cfi=(154)
cfn=(724)
calls=1 30 
0 73

fn=(754)
0 3

ob=(3)
fl=(154)
fn=(724)
30 4
+3 8
-3 28
+3 20
+3 12
+4 28
-4 12
+58 16
+4 28
-4 12
+12 8
+1 8
cfi=(155) /build/glibc-vjB4T1/glibc-2.28/nptl/register-atfork.c
cfn=(726) __unregister_atfork
calls=4 -28 
* 60
+2 16
+1 32

fl=(141) /build/glibc-vjB4T1/glibc-2.28/string/../sysdeps/x86_64/multiarch/memchr-avx2.S
fn=(628) __memchr_avx2
43 66069
+1 66069
+2 66069
+2 66069
+9 66069
+3 66069
+1 66069
+1 66069
+3 34263
+1 34263
+1 34263
+3 34263
+2 24184
+1 24184
+6 24077
+1 24077
+1 24077
+4 24077
+2 24077
+1 24077
+2 23681
+4 31806
+1 31806
+1 31806
+1 31806
+2 31806
+1 31806
+1 31806
+1 7624
+3 7624
+1 7624
+2 7624
+1 7624
+1 7624
+1 7624
+8 24182
+1 24182
+3 24182
+1 24182
+3 24182
+3 24182
+1 24182
+6 47503
+1 47503
+1 47503
+1 47503
+2 42813
+1 42813
+1 42813
+1 42813
+2 6557
+1 6557
+1 6557
+1 6557
+50 756
+1 756
+2 378
+1 378
+1 378
+1 378
+2 342
+1 342
+1 342
+1 342
+2 52
+1 52
+1 52
+2 52
+15 378
+1 378
+1 378
+1 378
+2 378
+1 344
+1 344
+2 177
+1 177
+1 177
+1 177
+1 112
+1 112
+1 112
+4 10113
+2 10113
+1 10113
+1 10113
+1 10113
+1 10113
+4 65
+2 65
+1 65
+1 65
+1 65
+1 65
+1 65
+4 52
+2 52
+1 52
+1 52
+1 52
+1 52
+1 52
+15 274
+2 274
+1 274
+5 4726
+1 4726
+1 4726
+1 4726
+4 36546
+1 36546
+1 36546
+1 36546
+1 36546
+4 6557
+1 6557
+1 6557
+1 6557
+1 6557

fl=(71)
fn=(246)
42 5
+4 2
-1 2
+12 4
+2 5

fl=(92)
fn=(346)
488 7
+14 6
758 2
+2 1
+1 1
+2 1
-3 1
+5 1
-5 1
+4 3
+4 2
+3 2
+2 1
+1 1
+2 1
-3 1
+5 1
-5 1
+4 3
+9 1
+2 8
-2 1
+3 8
500 1
+4 1
-4 1
+4 1
cfn=(348) handle_intel.constprop.1
calls=1 259 
* 452
+2 1
-2 1
+2 1
cfn=(348)
calls=1 259 
* 490
+5 1
-5 1
+5 1
cfn=(348)
calls=1 259 
* 515
* 1
+8 2
-9 1
+20 1
+5 3
+4 2
+8 6
+3 2
+9 6
+14 2
+4 1
+3 1
+1 1
-4 1
+3 1
-3 1
+3 1
+6 8
-39 3
+3 9
+6 6
-6 3
+6 2
+3 20
+5 2
+4 1
+1 1
-1 2
+1 1
691 4
+1 5
+4 2
+59 2
592 2
+8 2
+2 1
-2 6
+2 4
-2 1
+4 1
+23 2
-25 2
+2 6
+2 6
+3 2
+1 8
+2 4
+3 2
+5 1
+2 2
+1 1
+1 1
-2 2
+1 1
+1 1
+27 2
+1 2
+2 1
-1 1
+1 1
-24 2
+3 1
+1 2
+3 1
+2 4
+1 1
+5 2

fn=(350) intel_check_word.isra.0
132 12
+6 6
-10 6
+10 6
-10 12
+10 12
-10 6
+10 6
-10 6
+10 6
-10 6
+10 6
+2 48
+2 15
+2 30
+8 30
+51 24
+22 12
fi=(93) /build/glibc-vjB4T1/glibc-2.28/string/../bits/stdlib-bsearch.h
28 12
-1 24
+8 66
-6 162
+2 162
+1 81
fe=(92)
+87 162
+3 81
fi=(93)
-85 30
fe=(92)
+97 3
255 36
-91 9
+3 9
-6 3
+3 6
+9 6
+1 6
+22 5
-32 15
+3 15
+4 16
+2 32
+2 14
+1 4
+5 3
+2 6
+2 3
+2 3
+1 3
-2 3
-1 3
+2 6
-2 3
+3 3
-2 9
+2 9
-11 10
+1 6
+1 2

fn=(348)
259 21
+2 3
-2 9
+5 9
+8 3
+3 6
-2 3
+2 3
-5 6
+11 15
+5 6
+2 3
+1 3
-1 3
+5 18
cfn=(350)
calls=3 132 
* 978
+2 6
+3 21
cfn=(350)
calls=3 132 
* 302
+2 6
+19 33

fl=(132)
fn=(558)
40 53532
+1 13383
cfi=(133)
cfn=(562)
calls=13383 +14 
* 224185
* 13383
* 13383
+1 26766
cob=(2)
cfi=(17)
cfn=(488)
calls=13383 -42 
* 3088188
+2 26766
+4 13383
-1 40149
+1 26766
-1 13383
cfi=(134)
cfn=(566)
calls=13383 226 
* 177202
* 13383

fl=(65) /build/glibc-vjB4T1/glibc-2.28/elf/../sysdeps/unix/sysv/linux/dl-vdso.c
fn=(228) _dl_vdso_vsym
25 20
+1 8
+4 8
+18 24

fl=(75)
fn=(264)
40 1
-2 1
+2 2
-2 2
+11 1

fl=(119) /build/glibc-vjB4T1/glibc-2.28/libio/fileops.c
fn=(812) _IO_file_setbuf@@GLIBC_2.2.5
389 2
+1 1
cfi=(120) /build/glibc-vjB4T1/glibc-2.28/libio/genops.c
cfn=(814) _IO_default_setbuf
calls=1 +62 
* 68
* 2
+4 2
-1 2
+2 3
+2 1
+1 2

fn=(538) _IO_file_read
1138 401
+1 401
+2 1203
cfi=(129) /build/glibc-vjB4T1/glibc-2.28/io/../sysdeps/unix/sysv/linux/read.c
cfn=(540) read
calls=401 26 
* 3609

fn=(600) _IO_file_close
1175 4
cfi=(138) /build/glibc-vjB4T1/glibc-2.28/io/../sysdeps/unix/sysv/linux/close_nocancel.c
cfn=(602) __close_nocancel
calls=2 26 
* 10

fn=(514) _IO_file_fopen@@GLIBC_2.2.5
214 30
+9 6
+2 12
364 36
233 6
+15 33
+33 18
cfn=(516) _IO_file_open
calls=3 -98 
* 228
* 3
+3 6
+3 9
cfi=(126) /build/glibc-vjB4T1/glibc-2.28/string/../string/strstr.c
cfn=(520) __GI_strstr
calls=3 55 
* 96
* 3
+1 6
-59 3
-1 3
-13 6

fn=(534) _IO_file_underflow@@GLIBC_2.2.5
473 1203
+3 802
+6 1203
-13 3208
+16 802
+12 2005
+16 802
cfi=(120)
cfn=(536) _IO_switch_to_get_mode
calls=401 164 
* 9624
+11 401
-5 401
fi=(123) /build/glibc-vjB4T1/glibc-2.28/libio/libioP.h
834 401
fe=(119)
519 401
fi=(123)
834 401
fe=(119)
519 401
+1 401
+2 401
-1 802
fi=(123)
835 802
fe=(119)
524 1604
cfn=(538)
calls=401 1138 
* 5614
+2 802
+16 400
-9 400
+9 800
+2 800
+1 3200
-17 1
+1 4
+10 1
-10 1
+10 1
-10 1
+16 8
-57 6
+5 4
cfi=(120)
cfn=(480) _IO_doallocbuf
calls=2 344 
* 627
* 4

fn=(478) _IO_file_overflow@@GLIBC_2.2.5
740 60
-1 100
+8 117
+35 38
+3 36
+3 54
+1 54
+1 72
+4 18
+1 72
-45 2
+12 2
+9 4
+4 1
+4 1
-3 2
+2 2
-5 1
+1 1
+4 1
+1 4
+1 1
+2 2
+2 2
-1 2
+12 6
-11 2
-1 2
cfn=(492) _IO_do_write@@GLIBC_2.2.5
calls=2 433 
* 113
-31 2
cfi=(120)
cfn=(480)
calls=1 344 
* 338
+1 6

fn=(510) _IO_new_file_init_internal
107 3
+4 3
-4 9
+5 3
-1 3
+3 3
cfi=(120)
cfn=(512) _IO_link_in
calls=3 -27 
* 243
+1 3
+1 12

fn=(806) _IO_file_write@@GLIBC_2.2.5
1181 6
+2 6
+5 1
cfi=(157) /build/glibc-vjB4T1/glibc-2.28/io/../sysdeps/unix/sysv/linux/write.c
cfn=(808) write
calls=1 26 
* 9
+1 2
+5 1
+1 1
-12 2
+2 1
+2 2
+1 2
+10 3
+3 9

fn=(492)
433 5
+1 1
-3 2
+2 1
cfn=(802) new_do_write
calls=1 +6 
* 98
* 1
+1 1
-1 3
+1 1

fn=(516)
183 3
+3 3
-3 21
+2 6
+4 3
cfi=(125) /build/glibc-vjB4T1/glibc-2.28/io/../sysdeps/unix/sysv/linux/open64.c
cfn=(518) open
calls=3 37 
* 84
* 3
+1 6
+3 6
+3 3
-4 3
+1 12
+3 6
+10 6
cfi=(120)
cfn=(512)
calls=3 87 
* 48
+1 3
+1 12

fn=(476) _IO_file_xsputn@@GLIBC_2.2.5
1205 4
+7 1
-7 3
+6 5
+7 5
+17 3
+40 9
-40 1
+16 1
fi=(123)
832 3
+2 2
+1 2
fe=(119)
1251 3
cfn=(478)
calls=1 740 
* 392
* 2
+6 2
+1 7
+2 2
+11 3
+1 4
cfi=(120)
cfn=(494) _IO_default_xsputn
calls=1 371 
* 969
* 3

fn=(596) _IO_file_close_it@@GLIBC_2.2.5
129 6
+2 6
+4 4
+3 2
-3 2
-1 4
+6 2
+3 2
-3 2
cfi=(120)
cfn=(598) _IO_unsave_markers
calls=2 954 
* 10
+3 6
fi=(123)
832 6
+2 4
+1 4
fe=(119)
143 4
cfn=(600)
calls=2 1175 
* 14
* 2
+3 6
+8 10
cfi=(120)
cfn=(490) _IO_setb
calls=2 329 
* 316
+1 2
+3 2
-3 4
+1 6
+2 2
cfi=(120)
cfn=(592) _IO_un_link
calls=2 54 
* 6
+5 2
-4 2
+1 2
+3 2
-2 2
+3 10

fn=(816) _IO_file_sync@@GLIBC_2.2.5
800 4
+5 4
+2 1
+1 2
+11 2
+4 4

fn=(484) _IO_file_stat
1154 3
+1 9
cfi=(122) /build/glibc-vjB4T1/glibc-2.28/io/../sysdeps/unix/sysv/linux/wordsize-64/fxstat.c
cfn=(486) _fxstat
calls=3 33 
* 30

fn=(612) _IO_file_finish@@GLIBC_2.2.5
169 8
+1 4
+7 2
-1 4
+1 4
-1 2
cfi=(120)
cfn=(614) _IO_default_finish
calls=2 601 
* 30

fn=(802)
439 16
+2 2
fi=(123)
835 2
fe=(119)
456 4
cfn=(806)
calls=1 1181 
* 45
+1 1
-1 1
+1 2
+2 1
+4 1
-4 3
+1 2
+3 2
-2 1
+4 9
-17 4
+14 2

fl=(127)
fn=(526)
26 8515
+4 9825
+1 655
+3 1965
-1 655
+1 655
-1 3275
+1 655
cfi=(128) /build/glibc-vjB4T1/glibc-2.28/stdio-common/vfscanf.c
cfn=(528) _IO_vfscanf
calls=655 277 
* 308591
* 655
fi=(131) /build/glibc-vjB4T1/glibc-2.28/stdio-common/../libio/libioP.h
767 655
+1 1310
+1 1965
fe=(127)
39 4585
fi=(131)
769 3275
fe=(127)
38 655

fl=(57)
fn=(258)
33 4
fi=(74) /build/glibc-vjB4T1/glibc-2.28/string/../sysdeps/x86_64/multiarch/strcpy.c
-4 1
fe=(57)

fn=(290)
33 4
fi=(80) /build/glibc-vjB4T1/glibc-2.28/string/../sysdeps/x86_64/multiarch/stpcpy.c
* 1
fe=(57)

fn=(210)
33 4
fi=(58) /build/glibc-vjB4T1/glibc-2.28/string/../sysdeps/x86_64/multiarch/strncpy.c
-4 1
fe=(57)

fn=(218)
33 4
fi=(61) /build/glibc-vjB4T1/glibc-2.28/string/../sysdeps/x86_64/multiarch/strcat.c
-4 1
fe=(57)

fn=(286)
33 4
fi=(79) /build/glibc-vjB4T1/glibc-2.28/string/../sysdeps/x86_64/multiarch/stpncpy.c
-2 1
fe=(57)

fl=(133)
fn=(562)
55 258132
+1 258132
+1 258132
+3 258132
+1 258132
+1 258132
+3 155430
+1 155430
+1 155430
+8 155430
+19 102702
+1 102702
+1 102702
+1 102702
+2 102702
+1 102702
+1 102702
+1 84598
+6 84598
+1 84598
+1 84598
+4 84598
+1 84598
+16 18104
+10 18104
+1 18104
+1 18104
+1 18104
335 173534
+1 173534
+1 173534
+4 173534
+1 173534

fl=(59)
fn=(254)
32 5
fi=(73) /build/glibc-vjB4T1/glibc-2.28/string/../sysdeps/x86_64/multiarch/strncase.c
-1 1
fe=(59)

fn=(214)
32 5
fi=(60) /build/glibc-vjB4T1/glibc-2.28/string/../sysdeps/x86_64/multiarch/strcasecmp.c
-1 1
fe=(59)

fn=(276)
32 5
fi=(78) /build/glibc-vjB4T1/glibc-2.28/string/../sysdeps/x86_64/multiarch/strcasecmp_l.c
-1 1
fe=(59)

fn=(296)
32 5
fi=(81) /build/glibc-vjB4T1/glibc-2.28/string/../sysdeps/x86_64/multiarch/strncase_l.c
-1 1
fe=(59)

fl=(140) /build/glibc-vjB4T1/glibc-2.28/libio/iogetline.c
fn=(624) _IO_getline_info
49 854022
+2 131388
+2 197082
+2 262776
+28 66069
+2 330345
cfi=(141)
cfn=(628)
calls=66069 -42 
* 2019851
* 66069
* 66069
+1 132138
+14 1158
+3 386
-3 386
cfi=(134)
cfn=(566)
calls=386 226 
* 4605
* 386
+2 386
-1 386
-46 772
+2 199404
+1 132936
+2 798
cfi=(120)
cfn=(530) __uflow
calls=399 300 
* 61361
+1 798
+6 798
+11 388
-1 776
-22 787
+52 591246
-18 65683
+1 65683
-2 131366
+1 65683
+1 131366
+2 65683
+2 131366
+2 328415
cfi=(134)
cfn=(566)
calls=65683 226 
* 1178178
* 65683
+1 65683
+1 65683
-1 65683
+1 65683
-29 33
+1 33
-16 2

fn=(622) _IO_getline
34 131388
cfn=(624)
calls=65694 +15 
* 7615472

fl=(120)
fn=(506) _IO_no_init
563 27
+1 3
cfn=(508) _IO_old_init
calls=3 -30 
* 81
+1 3
+1 6
+2 3
+1 3
+1 3
+1 3
+1 3
+1 3
+1 3
+1 3
+1 3
+1 3
+1 3
+1 3
+2 3
+6 3
+1 18

fn=(512)
87 36
+1 18
+4 3
-2 9
+2 15
+1 33
+2 3
-1 3
-1 6
+2 42
+2 3
-2 3
+2 3
+1 3
+2 36
+1 3
+1 24
+1 6
+3 42

fn=(614)
601 4
+2 6
+6 6
+3 6
54 4
624 4

fn=(814)
452 1
fi=(123)
832 1
fe=(120)
452 4
fi=(123)
832 1
fe=(120)
452 1
fi=(123)
832 1
fe=(120)
452 2
+1 1
fi=(123)
834 2
+1 2
fe=(120)
453 2
cfi=(119)
cfn=(816)
calls=1 800 
* 17
* 2
+2 2
+7 1
-7 2
+10 1
+2 1
-2 2
+1 3
+2 6
-11 1
+1 2
-1 1
330 4
+7 1
-5 1
+1 1
+4 2

fn=(592)
54 10
cfn=(594) __GI__IO_un_link.part.1
calls=2 -2 
* 174
+28 2

fn=(594)
52 8
+6 2
-6 6
+6 4
+1 22
+2 2
-1 2
-1 2
+2 2
-2 2
+2 26
+2 4
-2 6
+2 4
+2 6
+9 4
+2 24
+1 2
+1 16
+1 4
+3 14
-24 8
+8 4

fn=(480)
344 6
-1 9
+3 12
+1 3
fi=(123)
832 9
+2 6
+1 6
fe=(120)
347 6
cfi=(121) /build/glibc-vjB4T1/glibc-2.28/libio/filedoalloc.c
cfn=(482) _IO_file_doallocate
calls=3 78 
* 890
* 6
+3 12

fn=(530)
300 1203
-1 1604
+6 802
+3 1203
+2 802
+6 802
+7 401
fi=(123)
832 1203
+2 802
+1 802
fe=(120)
323 401
+1 401
-1 401
+1 802
-1 401
cfn=(532) _IO_default_uflow
calls=401 +38 
* 48359
-23 802
+21 802

fn=(490)
329 15
+1 24
+3 5
+2 20
-3 5
+3 10
+3 21
-7 2
cob=(2)
cfi=(17)
cfn=(604)
calls=2 0 
* 258
* 10

fn=(494)
371 9
+3 2
fi=(123)
832 7
fe=(120)
399 56
fi=(123)
834 36
+1 36
fe=(120)
399 72
cfi=(119)
cfn=(478)
calls=18 740 
* 594
* 36
+2 18
-2 18
-20 76
+10 1
+15 8

fn=(508)
534 3
-2 3
+1 3
-1 3
+2 6
+16 3
-14 3
+14 3
+5 3
-18 3
+1 3
+1 3
+1 3
+1 3
+1 3
+1 3
+1 3
+2 3
+1 3
+1 3
+1 3
+6 6
+1 6
+2 3

fn=(598)
954 4
+5 4
+2 2

fn=(798) _IO_flush_all_lockp
686 11
+5 4
+1 11
+3 1
-8 1
+5 2
+3 2
fi=(123)
832 2
fe=(120)
699 1
fi=(123)
832 2
fe=(120)
706 1
fi=(123)
834 2
+1 2
fe=(120)
706 3
cfi=(119)
cfn=(478)
calls=1 +34 
* 132
+1 3
+2 8
+2 4
-16 12
+2 4
+1 8
+3 29
+14 8
+1 3
+4 12
-29 4

fn=(532)
361 401
fi=(123)
832 802
fe=(120)
361 401
fi=(123)
832 401
fe=(120)
361 802
+1 401
fi=(123)
834 802
+1 802
fe=(120)
362 802
cfi=(119)
cfn=(534)
calls=401 473 
* 38739
+1 802
+2 1600
+1 1604

fn=(536)
164 1604
+1 1203
+3 1203
+4 802
+1 802
+7 401
-4 401
+4 401
-2 802
+3 401
+1 1604

fn=(542) _IO_sputbackc
635 5232
+3 3924
+1 2616
+9 1308
+3 5232
-10 2616
+1 1308
+5 1308

fn=(796) _IO_cleanup
855 1
+3 1
-3 9
+3 1
cfn=(798)
calls=1 686 
* 272
-72 1
+72 1
-72 2
+1 11
+3 1
-3 2
+3 2
fi=(123)
+42 2
fe=(120)
-32 1
fi=(123)
+32 2
fe=(120)
-2 4
-40 12
+2 12
+2 9
+6 12
+8 5
+9 1
fi=(123)
+17 2
+1 2
fe=(120)
-18 4
cfi=(119)
cfn=(812)
calls=1 389 
* 83
+2 3
+4 5
+1 10
+10 8
+1 2
+35 12
-60 2
+2 1
+1 1
-1 1
+2 3
-28 4
+14 4

fl=(155)
fn=(726)
79 4
+1 24
+2 4
-14 8
+38 16
+1 4

fl=(62)
fn=(272)
32 2
-2 2
+2 4
-2 6
fi=(160) /build/glibc-vjB4T1/glibc-2.28/string/../sysdeps/x86_64/multiarch/strlen.c
-1 2
fe=(62)

fn=(274)
32 1
-2 1
+2 2
-2 3
fi=(161) /build/glibc-vjB4T1/glibc-2.28/string/../sysdeps/x86_64/multiarch/memrchr.c
-1 1
fe=(62)

fn=(280)
32 1
-2 1
+2 2
-2 3
fi=(162) /build/glibc-vjB4T1/glibc-2.28/string/../sysdeps/x86_64/multiarch/memchr.c
-1 1
fe=(62)

fn=(294)
32 1
-2 1
+2 2
-2 3
fi=(163) /build/glibc-vjB4T1/glibc-2.28/string/../sysdeps/x86_64/multiarch/strchrnul.c
+1 1
fe=(62)

fn=(250)
32 2
-2 2
+2 4
-2 6
fi=(164) /build/glibc-vjB4T1/glibc-2.28/string/../sysdeps/x86_64/multiarch/strnlen.c
+1 2
fe=(62)

fn=(230)
32 1
-2 1
+2 2
-2 3
fi=(165) /build/glibc-vjB4T1/glibc-2.28/string/../sysdeps/x86_64/multiarch/rawmemchr.c
+1 1
fe=(62)

fn=(222)
32 1
-2 1
+2 2
-2 3
fi=(166) /build/glibc-vjB4T1/glibc-2.28/string/../sysdeps/x86_64/multiarch/strrchr.c
-2 1
fe=(62)

fl=(103)
fn=(408)
29 1
+2 1
+2 1
+2 1
+2 1
+2 1
+2 1
+2 1
+5 1
+2 1
+1 1
cfi=(104) /build/glibc-vjB4T1/glibc-2.28/gmon/mcount.c
cfn=(410) __mcount_internal
calls=1 +21 
* 5
+3 1
+2 1
+2 1
+2 1
+2 1
+2 1
+2 1
+2 1
+2 1

fl=(116) /build/glibc-vjB4T1/glibc-2.28/stdio-common/printf.c
fn=(468) printf
28 11
+4 1
+1 2
-1 3
+1 1
-1 1
+1 1
-1 1
+1 1
cfi=(117) /build/glibc-vjB4T1/glibc-2.28/stdio-common/vfprintf.c
cfn=(470) vfprintf
calls=1 1239 
* 1568
+4 5

fl=(142)
fn=(642)
34 1265384
cfi=(143) /build/glibc-vjB4T1/glibc-2.28/string/strtok_r.c
cfn=(644) strtok_r
calls=632692 +9 
* 297442719

fl=(66)
fn=(232)
32 2
-2 2
+2 4
-2 6
fi=(167) /build/glibc-vjB4T1/glibc-2.28/wcsmbs/../sysdeps/x86_64/multiarch/wmemchr.c
+1 2
fe=(66)

fn=(234)
32 1
-2 1
+2 2
-2 4

fn=(282)
32 1
-2 1
+2 2
-2 3
fi=(168) /build/glibc-vjB4T1/glibc-2.28/wcsmbs/../sysdeps/x86_64/multiarch/wcslen.c
-1 1
fe=(66)

fn=(248)
32 2
-2 2
+2 4
-2 6
fi=(169) /build/glibc-vjB4T1/glibc-2.28/wcsmbs/../sysdeps/x86_64/multiarch/wcschr.c
+1 2
fe=(66)

fl=(82)
fn=(300)
42 3
fi=(64) /build/glibc-vjB4T1/glibc-2.28/time/../sysdeps/generic/dl-hash.h
+3 1
fe=(82)
-3 1
fi=(64)
+2 1
fe=(82)
-2 2
fi=(64)
+1 1
+5 3
+14 4
-17 2
+3 9
+14 12
-17 15
+22 1
fe=(82)
-25 6
cfi=(65)
cfn=(228)
calls=1 -17 
* 15
* 5

fl=(77)
fn=(270)
40 2
-2 1
+2 2
-2 2
+11 1

fl=(104)
fn=(410)
72 4
174 1

fl=(100) /build/glibc-vjB4T1/glibc-2.28/setjmp/../sysdeps/x86_64/bsd-_setjmp.S
fn=(400) _setjmp
30 1
+2 1
cfi=(101) /build/glibc-vjB4T1/glibc-2.28/setjmp/../sysdeps/x86_64/setjmp.S
cfn=(402) __sigsetjmp
calls=1 * 
* 26

fl=(70)
fn=(244)
41 2
-2 2
+2 6
-2 4
+14 2

fl=(121)
fn=(482)
78 24
+6 12
fi=(123)
832 9
+2 6
+1 6
fe=(121)
84 9
cfi=(119)
cfn=(484)
calls=3 1154 
* 42
* 6
+2 12
+11 12
+4 6
cob=(2)
cfi=(17)
cfn=(488)
calls=3 0 
* 625
* 3
+2 3
-1 6
+2 12
cfi=(120)
cfn=(490)
calls=3 329 
* 54
+1 3
+1 24
-23 4
+8 1
fi=(170) /build/glibc-vjB4T1/glibc-2.28/libio/../include/sys/sysmacros.h
-44 6
fe=(121)
+44 1
-2 2
+5 2

fl=(98)
fn=(380)
137 9
+4 1
-4 2
+4 3
+96 2
+1 4
cfi=(99) /build/glibc-vjB4T1/glibc-2.28/stdlib/cxa_atexit.c
cfn=(382) __cxa_atexit
calls=1 66 
* 68
+22 4
+3 2
+1 5
cob=(7)
cfi=(97)
cfn=(388)
calls=1 0 
* 50
+4 4
+15 2
+12 2
cfi=(100)
cfn=(400)
calls=1 30 
* 28
+1 2
+5 2
+1 2
+3 2
+3 6
cob=(7)
cfi=(97)
cfn=(406)
calls=1 0 
* 1199873269
+34 2
cfi=(151) /build/glibc-vjB4T1/glibc-2.28/stdlib/exit.c
cfn=(708) exit
calls=1 138 
* 2054

fl=(117)
fn=(470)
1239 14
+31 3
+8 4
+4 5
+11 3
+11 2
fi=(171) /build/glibc-vjB4T1/glibc-2.28/stdio-common/printf-parse.h
108 2
fe=(117)
1304 2
fi=(171)
108 1
cfi=(118) /build/glibc-vjB4T1/glibc-2.28/string/../sysdeps/x86_64/multiarch/strchr-avx2.S
cfn=(474) __strchrnul_avx2
calls=1 -63 
* 29
* 1
fe=(117)
1319 2
fi=(171)
108 1
fe=(117)
1315 1
+4 1
+4 1
fi=(131)
832 3
+2 2
-2 1
+2 1
-2 1
+3 2
fe=(117)
1323 6
cfi=(119)
cfn=(476)
calls=1 1205 
* 1426
* 4
+4 3
1691 5
+1 3
+3 12
1319 7
+1 14
1691 6

fl=(129)
fn=(540)
26 3208
+1 401

fl=(72)
fn=(268)
30 5
fi=(172) /build/glibc-vjB4T1/glibc-2.28/string/../sysdeps/x86_64/multiarch/strpbrk.c
-1 1
fe=(72)

fn=(284)
30 5
fi=(173) /build/glibc-vjB4T1/glibc-2.28/string/../sysdeps/x86_64/multiarch/strspn.c
-1 1
fe=(72)

fn=(252)
30 5
fi=(174) /build/glibc-vjB4T1/glibc-2.28/string/../sysdeps/x86_64/multiarch/strcspn.c
-1 1
fe=(72)

fl=(108)
fn=(452) tcache_init.part.6
2978 1
-9 1
+9 9
+1 3
cfn=(454) _int_malloc
calls=1 3513 
* 384
* 1
+1 2
+8 4
+7 2
+2 1
+1 2
-1 1
+1 78
+3 2

fn=(456) sysmalloc
2258 72
+20 18
+11 18
+1 36
fi=(110) /build/glibc-vjB4T1/glibc-2.28/malloc/arena.c
535 9
fe=(108)
2305 18
fi=(110)
535 9
fe=(108)
2305 18
+66 9
+1 27
+1 9
+9 76
+6 36
+3 27
2708 18
+1 9
+5 18
+3 18
+2 18
+1 9
-1 9
+2 27
+1 9
+1 9
+2 9
-3 18
+1 9
+2 9
+6 81
2444 45
+19 9
-11 18
+11 9
+8 18
+2 45
cfi=(113) /build/glibc-vjB4T1/glibc-2.28/malloc/morecore.c
cfn=(458) __default_morecore
calls=9 46 
* 418
+4 27
-4 9
+4 9
+3 36
+1 18
+46 18
+2 27
+6 34
+1 40
+2 4
+34 2
+6 3
+22 2
+1 5
+2 1
+1 2
cfi=(113)
cfn=(458)
calls=1 46 
* 25
+12 2
+8 2
+1 5
+39 1
-1 1
+1 3
+1 1
+11 2
2528 2
2661 3

fn=(606)
3078 8
+5 8
+1 8
+6 8
+5 4
-2 4
+2 8
+18 12
+2 12
+2 4
-1 4
+1 4
-1 4
cfn=(608) _int_free
calls=4 4147 
* 336

fn=(454)
3513 26775
+32 26775
-32 160650
+32 280608
+4 53550
1640 53550
3573 53550
+5 80307
+2 53538
+24 10173
-59 20346
+86 12
+62 96
+1 9
+20 26775
-1 26775
-1 26775
+1 53550
+1 26775
-1 26775
+1 53550
-2 53548
+6 133870
+37 26774
+42 26774
+87 26774
3755 80322
3884 26774
-87 53548
+87 26774
3723 26774
+1 80322
-6 5
+37 1
+42 1
+87 1
3755 3
3884 1
-87 2
+87 1
3723 1
+1 3
+3 2
+1 1
+2 2
+1 3
+2 1
+1 4
+2 4
-10 1
+12 2
+1 2
+2 2
+11 2
+31 1
+1 1
+4 2
3634 80316
+2 26772
-2 26772
+2 53544
4139 240975
3695 187404
-62 669300
3790 1
+1 1
-1 1
+1 2
+5 3
1871 3
3909 53548
+2 8
+3 2
-3 2
+3 4
+68 53548
+1 26774
+1 26774
-1 26774
+3 26774
-2 26774
+2 26774
-1 53548
+1 26774
+5 53548
+7 321256
-3 321264
4095 26774
+1 53548
+2 53548
+3 80322
+17 27
3898 53548
1871 26765
4111 26765
1871 53530
4106 26765
-3 26765
+1 26765
+2 26765
-1 26765
+1 26765
+2 26765
-2 133825
+2 53530
+25 27
cfn=(456)
calls=9 2258 
* 1498
* 9
+1 18
1871 27

fn=(608)
4147 40
+10 12
+6 20
+1 8
+4 16
+8 20
-1 12
+1 8
+3 2
+6 4
+13 8
+14 4
4420 44
4287 4
+6 10
+7 2
-4 2
+4 4
+3 4
+5 6
+3 4
+1 4
+1 4
1878 6
4319 4
+9 4
+5 6
+4 4
+9 2
-1 2
+2 4
+2 2
+1 2
+1 4
+2 2
+1 2
+2 2
+1 2
+2 6
+1 2
+30 4
+20 4
2915 4
+4 2
+4 2
-4 2
+2 4
+1 2
+1 2
4201 2
4305 6
-2 4

fn=(428)
3020 133875
+5 53550
+1 53550
+5 207762
+3 26774
-2 80322
+2 26774
-2 26774
+2 53548
+3 53548
+10 107092
+2 80319
cfn=(454)
calls=26773 3513 
* 4703014
* 26773
+1 187411
-19 66408
+8 26772
+1 80316
2932 2
+2 2
+1 1
+1 1
3073 187418
-46 1
+46 5
-46 1
cfi=(109) /build/glibc-vjB4T1/glibc-2.28/malloc/hooks.c
cfn=(430) malloc_hook_ini
calls=1 30 
* 70830

fn=(429) malloc'2
3020 5
+5 2
+1 2
+5 9
+3 1
-2 3
+2 1
-2 1
+2 2
+13 4
+2 3
cfn=(454)
calls=1 3513 
* 175
* 1
+1 7
-75 4
cfn=(452)
calls=1 +3 
* 491
+62 2
+2 5
+1 3
+33 7

fn=(446) malloc_init_state
1798 4
+3 3
-3 2
+3 378
-3 252
+7 3
+5 1
+2 1
+1 1
-4 2

fl=(126)
fn=(520)
55 36
+10 9
+26 36
-23 15

fl=(110)
fn=(434) ptmalloc_init.part.0
289 5
+13 1
-8 1
+8 1
+6 2
+5 1
-5 1
+2 1
cfi=(108)
cfn=(446)
calls=1 1798 
* 647
+3 4
cob=(1)
cfi=(106)
cfn=(423)
calls=1 72 
* 1392
* 5
+1 4
cob=(1)
cfi=(8)
cfn=(26)
calls=1 +59 
* 22
* 1
+1 4
cob=(1)
cfi=(8)
cfn=(26)
calls=1 +58 
* 19
* 1
+1 4
cob=(1)
cfi=(8)
cfn=(26)
calls=1 +57 
* 22
* 1
+1 4
cob=(1)
cfi=(8)
cfn=(26)
calls=1 +56 
* 22
* 1
+1 4
cob=(1)
cfi=(8)
cfn=(26)
calls=1 +55 
* 19
* 1
+1 4
cob=(1)
cfi=(8)
cfn=(26)
calls=1 +54 
* 22
* 1
+1 4
cob=(1)
cfi=(8)
cfn=(26)
calls=1 +53 
* 22
* 1
+2 4
cob=(1)
cfi=(8)
cfn=(26)
calls=1 +51 
* 22
* 1
+1 4
cob=(1)
cfi=(8)
cfn=(26)
calls=1 +50 
* 22
* 1
+1 4
cob=(1)
cfi=(8)
cfn=(26)
calls=1 +49 
* 22
* 1
+71 2
+1 2
+3 1
+1 6
-97 5
cfi=(111) /build/glibc-vjB4T1/glibc-2.28/elf/dl-addr.c
cfn=(436) _dl_addr
calls=1 127 
* 67744
* 2
+1 4

fl=(89) /build/glibc-vjB4T1/glibc-2.28/string/../sysdeps/x86_64/multiarch/strrchr-avx2.S
fn=(340) __strrchr_avx2
43 1
+1 1
+2 1
+1 1
+3 1
+1 1
+1 1
+2 1
+1 1
+1 1
+1 1
+1 1
+1 1
+2 1
+1 1
+12 1
+1 1
216 1
+1 1
+1 1
+1 1
+1 1
+2 1
+1 1
+1 1
+1 1
+1 1

fl=(139)
fn=(620)
37 131388
-5 131388
+7 65694
-7 131388
+7 131388
+8 1116798
+4 65694
+1 131388
+1 65694
-1 65694
+1 328470
-2 65694
+2 65694
cfi=(140)
cfn=(622)
calls=65694 -19 
* 7746860
+3 65694
+1 65694
-1 131388
fi=(123)
759 525552
fe=(139)
66 328470
-10 131388
+4 65694
+1 65694
-1 65694
+3 131388
fi=(123)
758 197082
fe=(139)

fl=(102) /build/glibc-vjB4T1/glibc-2.28/setjmp/sigjmp.c
fn=(404) __sigjmp_save
28 2
+1 3
+5 3

fl=(134)
fn=(566)
226 92194
+6 92194
+1 92194
+1 46648
+1 46648
+3 7942
+1 7942
+1 7942
+1 7942
+2 7942
+1 7942
+33 45546
+1 45546
+2 42266
+1 42266
+1 34953
+1 34953
+1 26703
+1 26703
+1 6512
+1 4692
+1 4692
+2 6512
+14 3280
+1 3280
+1 3280
+1 3280
+1 3280
+4 7313
+1 7313
+1 7313
+1 7313
+1 7313
+3 8250
+1 8250
+1 8250
+1 8250
+1 8250
+3 20191
+1 20191
+1 20191
+1 20191
+1 20191
+4 38706
+1 38706
+5 38706
+1 38706
+1 38706
+1 38706
+22 38706
+1 38706
+1 38706
+1 38706
+1 38706
+1 38706
+1 38706
+1 38706
+1 38706
+1 38706

fl=(146) /build/glibc-vjB4T1/glibc-2.28/string/../sysdeps/x86_64/strspn.S
fn=(652) __strspn_sse2
29 632692
+7 632692
+1 632692
+2 632692
+1 632692
+1 632692
+1 632692
+1 20878836
+3 1265384
+7 632692
+1 632692
+1 632692
-2 5061536
+1 5061536
+1 5061536
+1 5694228
+2 5694228
+1 5694228
+1 5694228
+1 5694228
+2 5694228
+1 5694228
+1 5694228
+1 5061536
+2 5061536
+1 5061536
+1 5061536
+1 5061536
+1 5061536
+2 1898076
+12 632692
+2 632692
+1 632692
+1 632692
-4 1958
+2 1958
+1 1958
+1 1958
+2 133760
+1 133760
+1 133760
+2 40504
+1 40504
+1 40504
+2 5507
+1 5507
+1 5507
+2 3549
+1 3549
+1 3549
+2 3549
+2 3549
+3 3549
-8 34997
+1 34997
+2 34997
+2 34997
+3 34997
-7 93256
+2 93256
+2 93256
+3 93256
-5 500890
+2 500890
+3 500890

fl=(157)
fn=(808)
26 8
+1 1

fl=(114) /build/glibc-vjB4T1/glibc-2.28/misc/sbrk.c
fn=(460) sbrk
32 10
+8 10
-8 30
+8 57
+4 20
+4 54
+12 5
-19 2
cfi=(115) /build/glibc-vjB4T1/glibc-2.28/misc/../sysdeps/unix/sysv/linux/x86_64/brk.c
cfn=(462) brk
calls=1 -10 
* 10
* 4
+15 18
cfi=(115)
cfn=(462)
calls=9 -25 
* 90
* 18
+4 45

fl=(124)
fn=(504) __fopen_internal
57 18
+8 3
-8 6
+8 3
cob=(2)
cfi=(17)
cfn=(488)
calls=3 -65 
* 494
+2 9
+3 3
+2 6
-2 3
+2 15
cfi=(120)
cfn=(506)
calls=3 563 
* 180
+1 3
+1 3
-1 3
+1 3
cfi=(119)
cfn=(510)
calls=3 +33 
* 282
+1 15
cfi=(119)
cfn=(514)
calls=3 214 
* 504
* 6
-38 6
+44 21

fn=(502)
86 6
cfn=(504)
calls=3 -29 
* 1586

fl=(128)
fn=(528)
277 9170
+11 655
-9 655
+9 1310
+1 655
fi=(130) /build/glibc-vjB4T1/glibc-2.28/stdio-common/../include/scratch_buffer.h
78 655
fe=(128)
289 655
fi=(130)
77 2620
fe=(128)
339 3275
+6 1966
+3 3275
+4 1310
+20 655
-13 655
+13 655
-13 655
+6 655
+2 2620
+5 7860
-40 655
-50 1310
+95 655
-84 655
-12 1310
+47 655
-1 655
-1 655
-1 655
-12 1310
+68 3927
+37 1310
+23 1965
+1 1310
-61 1308
3008 1962
+10 5240
fi=(130)
85 3275
fe=(128)
3021 1965
+3 1310
+17 1308
+6 7860
221 1310
+1 1310
487 3275
+44 7205
+80 1310
+5 655
-1 1965
+1 1310
+1 1965
+3 3930
+1 4585
+6 9155
+3 1307
-3 2614
+3 3921
-3 1
+3 1
-3 2
+3 3
-3 2618
+3 661
+1 3275
+1 4580
cfi=(120)
cfn=(542)
calls=654 +3 
* 11772
+4 5886
-9 4
cfi=(120)
cfn=(530)
calls=2 300 
* 632
* 12
345 1308
+3 2
481 1965
+22 1965
+21 1310
+4 655
-4 1310
+82 655
+1 1965
3026 3
636 8
-4 654
1016 3930
+2 2620
+2 5234
+10 1308
-10 654
+10 1962
+71 7194
+42 27576
1030 6894
1143 3447
1030 6894
1143 2793
-45 10341
+3 3447
-1 6894
+1 6894
-1 6894
+45 1962
+40 1962
+2 1308
+8 1308
-10 654
+8 1308
1890 3270
1032 1962
cfi=(120)
cfn=(542)
calls=654 635 
* 11772
+1 654
736 1
1020 2
+2 7
-4 9170

fl=(137)
fn=(590)
34 6
+14 2
-14 2
+14 4
+9 2
fi=(123)
832 6
+2 4
+1 4
fe=(137)
57 6
cfi=(119)
cfn=(612)
calls=2 169 
* 54
+1 6
+13 4
+3 12
+3 4
cob=(2)
cfi=(17)
cfn=(604)
calls=2 -77 
* 170
+4 10
-32 2
cfi=(120)
cfn=(592)
calls=2 +5 
* 180
+2 34
+1 8
+1 4
cfi=(119)
cfn=(596)
calls=2 +76 
* 454
* 6
fi=(123)
758 4
+1 18
fe=(137)

fl=(147) /build/glibc-vjB4T1/glibc-2.28/string/../sysdeps/x86_64/multiarch/strcspn-c.c
fn=(656) __strcspn_sse42
84 1134056
+6 1701084
+3 567028
+3 567028
fi=(175) /usr/lib/gcc/x86_64-linux-gnu/8/include/emmintrin.h
703 567028
fe=(147)
93 567028
fi=(175)
703 567028
fe=(147)
100 567028
fi=(176) /usr/lib/gcc/x86_64-linux-gnu/8/include/tmmintrin.h
+38 1134056
fi=(145) /usr/lib/gcc/x86_64-linux-gnu/8/include/smmintrin.h
633 567028
fe=(147)
100 1701084
fi=(145)
633 1134056
fe=(147)
105 567028
+3 1134056
+1 567028
cfi=(148) /build/glibc-vjB4T1/glibc-2.28/string/../sysdeps/x86_64/strcspn.S
cfn=(660) __strcspn_sse2
calls=567028 -79 
* 121734829

fl=(90) /build/glibc-vjB4T1/glibc-2.28/ctype/ctype-info.c
fn=(342) __ctype_init
31 7
+2 4
+2 4
+1 1

fl=(111)
fn=(436)
127 8
+2 1
-2 2
+5 1
-5 1
+5 2
cob=(1)
cfi=(2)
cfn=(50)
calls=1 785 
* 2
+2 2
cob=(1)
cfi=(106)
cfn=(423)
calls=1 -62 
* 1489
* 5
+2 3
30 1
+1 1
-1 1
+1 1
+3 2
+5 1
+6 1
-7 1
+2 3
+2 3
+3 2
+4 5
-5 1015
+5 3032
+2 1010
+1 2020
-1 1
+1 2
+2 3680
+9 9264
+1 14725
+7 2345
-2 2345
+2 6115
-11 11725
+2 7006
+39 2
+1 1
+1 3
+3 2
+36 2
cob=(1)
cfi=(2)
cfn=(52)
calls=1 791 
* 2
+3 9
-81 1896
+54 1
+21 1
-20 2

fl=(99)
fn=(386) __new_exitfn
84 2
-6 4
+11 4
-10 2
+12 3
-2 1
+10 2
-10 2
+45 1
+1 1
+4 4
-19 1
+1 2

fn=(382)
66 2
cfn=(384) __internal_atexit
calls=1 -30 
* 66

fn=(384)
36 1
+3 1
-3 4
+3 1
-3 4
+3 5
+1 2
cfn=(386)
calls=1 +44 
* 29
+2 2
+7 2
+3 1
-1 1
+2 1
+1 1
+1 4
+1 1
+1 6

fl=(109)
fn=(430)
30 1
-1 2
+1 1
fi=(110)
291 4
cfn=(434)
calls=1 -2 
* 70091
fe=(109)
32 1
+1 1
-1 1
cfi=(108)
cfn=(429)
calls=1 3020 
* 728

fl=(88) /build/glibc-vjB4T1/glibc-2.28/misc/init-misc.c
fn=(336) __init_misc
31 2
-1 3
+1 4
+2 3
cfi=(89)
cfn=(340)
calls=1 +10 
* 27
* 1
+4 5
+1 3
+2 4

fl=(136)
fn=(574)
92 9950776
+1 9950776
+2 9950776
+1 9950776
+1 9950776
+1 9950776
+1 9950776
+2 8520403
+1 8520403
+1 8520403
+1 8520403
+1 8520403
+1 8520403
+1 8520403
+1 8520403
+18 8520403
+1 8520403
+1 8520403
+2 8520403
+1 8520403
636 215743
+2 215743
+1 102184
+1 102184
+1 102184
+9 102184
+1 102184
+3 102184
+1 102184
+3 8698
+4 8698
+1 8698
-1 113559
+1 113559
+39 1305972
+1 1305972
+4 1305972
+11 1305972
+1 1305972
+1 1305972
+2 1305972
+1 1305972
+10 1430373
+1 1430373
+2 593821
+1 593821
+1 593821
+1 593821
+1 593821
+1 593821
+1 593821
+15 836552
+1 836552
+1 222514
+1 222514
+1 222514
+1 222514
+1 222514
+1 222514
+1 222514
+17 614038
+1 614038
+1 332980
+1 332980
+1 332980
+1 332980
+1 332980
+1 332980
+2 332980
+1 332980
+1 332980
+2 1007
+1 1007
+10 1007
+1 1007
-1 281058
+1 281058
+1 164948
+1 164948
+1 164948
+1 164948
+1 164948
+1 164948
+2 164948
+1 164948
+1 164948
+2 7284
+19 7284
+1 7284
+2 7284
+1 7284
-4 117117
+1 117117
+2 117117
+1 117117
+1 2144
+1 2144
+1 2144

fn=(636)
82 65722
+1 65722
+1 65722
+6 65722
+2 65722
+1 65722
+2 65722
+1 65722
+1 65722
+1 65722
+1 65722
+2 65722
+1 65722
+1 65722
+1 65722
+1 65722
+1 65722
+1 65722
+1 65722
+4 65722
+1 65722
+13 65720
+1 65720
+1 65720
+2 65720
+1 65720
680 2
+1 2
+1 2

fl=(143)
fn=(644)
43 3796152
+3 1265384
+3 1265384
+7 1898076
cfi=(144) /build/glibc-vjB4T1/glibc-2.28/string/../sysdeps/x86_64/multiarch/strspn-c.c
cfn=(648) __strspn_sse42
calls=632692 +6 
* 141811358
* 632692
* 632692
+1 1265384
+7 1701084
cfi=(147)
cfn=(656)
calls=567028 +20 
* 134776473
* 567028
* 567028
+1 1134056
+7 567028
+1 1134056
+2 2835140
-16 65664
+1 65664
+15 328320
-28 1134056

fl=(63)
fn=(224)
43 3
fi=(64)
+2 1
fe=(63)
-2 1
fi=(64)
+1 1
fe=(63)
-1 3
fi=(64)
+5 3
+14 4
-17 2
+3 9
+14 12
-17 15
+22 1
fe=(63)
-24 6
cfi=(65)
cfn=(228)
calls=1 -18 
* 15
* 5

fl=(148)
fn=(660)
30 567028
+7 567028
+1 567028
+2 567028
+1 567028
+1 567028
+1 567028
+1 18711924
+3 1134056
+7 567028
+1 567028
+1 567028
-2 4536224
+1 4536224
+1 4536224
+1 5103252
+2 5103252
+1 5103252
+1 5103252
+1 5103252
+2 5103252
+1 5103252
+1 5103252
+1 4536224
+2 4536224
+1 4536224
+1 4536224
+1 4536224
+1 4536224
+2 1701084
+12 567028
+2 567028
+1 567028
+1 567028
-4 387237
+2 387237
+1 387237
+1 387237
+2 822505
+1 822505
+1 822505
+2 729659
+1 729659
+1 729659
+2 575091
+1 575091
+1 575091
+2 187854
+1 187854
+1 187854
+2 187854
+7 187854
+4 187854
-14 154568
+1 154568
+2 154568
+7 154568
+4 154568
-13 92846
+2 92846
+7 92846
+4 92846
-11 131760
+7 131760
+4 131760

fl=(118)
fn=(474)
45 1
+2 1
+1 1
+1 1
+2 1
+1 1
+1 1
+21 1
+1 1
+1 1
+1 1
+1 1
+1 1
+1 1
+2 1
+1 1
+1 1
+17 1
+5 1
+1 1
+1 1
+1 1
+1 1
+1 1
+1 1
+72 1
+2 1
+7 1
+1 1

fl=(125)
fn=(518)
37 3
+3 3
-3 12
+3 18
+8 33
+2 15

fl=(150)
fn=(688)
66 506959
+1 506959
182 272304
+1 272304
+1 272304
+1 272304
+1 272304
+1 272304
+1 272304
+1 272304
+1 272304
+1 272304
+1 260266
+1 260266
+1 260266
+4 12038
+5 214741
+1 214741
+1 214741
+1 214741
+1 214741
+1 214741
+1 214741
+1 214741
+2 214741
+1 214741
+4 19914
+1 19914
+1 19914
+1 19914
+16 506959
+1 506959
+1 487045
+1 487045
+1 487045
+1 272304
+1 272304

fl=(152) /build/glibc-vjB4T1/glibc-2.28/stdlib/cxa_thread_atexit_impl.c
fn=(712) __call_tls_dtors
145 3
+1 4
+18 4

fl=(76)
fn=(266)
32 4
-2 2
+2 4
-2 4
+5 2
-1 8
fi=(177) /build/glibc-vjB4T1/glibc-2.28/wcsmbs/../sysdeps/x86_64/multiarch/wmemset.c
-3 2
fe=(76)

fl=(101)
fn=(402)
32 1
+9 1
+1 2
+1 1
+4 1
+1 1
+1 1
+1 1
+1 1
+2 2
+2 1
+1 1
+3 2
+2 1
+23 1
cfi=(102)
cfn=(404)
calls=1 -56 
* 8

fl=(158) /build/glibc-vjB4T1/glibc-2.28/posix/../sysdeps/unix/sysv/linux/_exit.c
fn=(818) _Exit
27 1
+4 1
+2 3

fl=(91)
fn=(344)
84 4
+1 3
+1 3
+2 1

fl=(144)
fn=(648)
62 1265384
+6 1898076
+3 632692
+3 632692
fi=(175)
703 632692
fe=(144)
71 632692
fi=(175)
703 632692
fe=(144)
78 632692
fi=(176)
+60 1265384
fi=(145)
633 632692
fe=(144)
78 632692
fi=(176)
+60 632692
fe=(144)
-60 1265384
fi=(145)
633 1265384
fe=(144)
83 632692
+3 1265384
+1 632692
cfi=(146)
cfn=(652)
calls=632692 -58 
* 126626750

fl=(69)
fn=(242)
41 2
-2 2
+2 6
-2 4
+15 2

fl=(56)
fn=(208)
45 3
-1 3
+1 3
-1 6
+5 6
-1 6
+12 6
+2 15

fn=(236)
45 1
-1 1
+1 1
-1 2
+5 2
-1 2
+12 2
+2 5

fn=(262)
45 1
-1 1
+1 1
-1 2
+5 2
-1 2
+12 2
+2 5

fl=(67)
fn=(238)
33 10
-1 4
+2 4
+1 6
fi=(68) /build/glibc-vjB4T1/glibc-2.28/string/../sysdeps/x86_64/multiarch/memcmp.c
-6 2
fe=(67)

fl=(151)
fn=(710) __run_exit_handlers
40 10
+5 3
+11 14
+3 2
+2 5
+51 6
+2 2
-44 6
+2 1
+1 1
-1 1
+4 4
+1 8
+29 1
-3 1
+5 1
-2 2
+2 2
cob=(1)
cfi=(153)
cfn=(714)
calls=1 -78 
* 1418
+1 1
+11 2
+1 2
+5 4
-73 1
+12 1
+1 4
+63 2
+1 10
cfi=(120)
cfn=(796)
calls=1 855 
* 511
* 3
+2 2
cfi=(158)
cfn=(818)
calls=1 27 
* 5
-86 1
cfi=(152)
cfn=(712)
calls=1 +99 
* 11
* 1

fn=(708)
138 1
+1 4
cfn=(710)
calls=1 -99 
* 2049

fl=(85)
fn=(330)
52 8
+3 3
+12 1
fi=(87) /build/glibc-vjB4T1/glibc-2.28/csu/../sysdeps/unix/sysv/linux/x86_64/init-first.c
-31 1
fe=(85)
+33 1
fi=(86) /build/glibc-vjB4T1/glibc-2.28/csu/../sysdeps/generic/dl-hash.h
-24 1
fe=(85)
+23 1
fi=(86)
-24 1
fe=(85)
+25 1
fi=(87)
-33 4
fi=(86)
+7 1
+5 3
+14 4
-17 2
+3 9
+14 12
-17 15
fe=(85)
+17 1
-7 1
+7 4
fi=(86)
+5 1
fi=(87)
-31 2
+2 2
-2 1
+2 2
cfi=(65)
cfn=(228)
calls=1 -13 
* 15
+2 1
+4 2
-4 2
+1 2
+1 1
+2 1
cfi=(65)
cfn=(228)
calls=1 -19 
* 15
fe=(85)
+37 3
fi=(87)
-36 2
+1 1
fe=(85)
+35 1
cfi=(88)
cfn=(336)
calls=1 -50 
* 52
+3 1
cfi=(90)
cfn=(342)
calls=1 -53 
* 16
+5 6

fl=(122)
fn=(486)
33 3
+1 6
+1 18
+4 3

fl=(113)
fn=(458)
46 10
+1 10
cfi=(114)
cfn=(460)
calls=10 -15 
* 373
+2 30
+3 20

fl=(115)
fn=(462)
31 60
+2 20
+6 10
+1 10

fl=(138)
fn=(602)
26 8
+1 2

totals: 1200034307
